# Q=2
# T_LOOP=1000
# O_LOOP=10000
0.000000 1.000000
1.000000 0.710885
2.000000 0.601313
3.000000 0.544705
4.000000 0.508853
5.000000 0.483400
6.000000 0.463962
7.000000 0.448635
8.000000 0.436017
9.000000 0.425365
10.000000 0.416263
11.000000 0.408346
12.000000 0.401470
13.000000 0.395351
14.000000 0.389841
15.000000 0.384874
16.000000 0.380390
17.000000 0.376296
18.000000 0.372608
19.000000 0.369140
20.000000 0.365957
21.000000 0.363062
22.000000 0.360405
23.000000 0.357933
24.000000 0.355553
25.000000 0.353316
26.000000 0.351307
27.000000 0.349431
28.000000 0.347637
29.000000 0.345915
30.000000 0.344341
31.000000 0.342956
32.000000 0.341577
33.000000 0.340266
34.000000 0.339029
35.000000 0.337904
36.000000 0.336856
37.000000 0.335887
38.000000 0.334887
39.000000 0.333982
40.000000 0.333193
41.000000 0.332394
42.000000 0.331622
43.000000 0.330860
44.000000 0.330135
45.000000 0.329595
46.000000 0.329060
47.000000 0.328523
48.000000 0.328040
49.000000 0.327607
50.000000 0.327243
51.000000 0.326821
52.000000 0.326431
53.000000 0.326085
54.000000 0.325727
55.000000 0.325358
56.000000 0.325055
57.000000 0.324868
58.000000 0.324698
59.000000 0.324554
60.000000 0.324423
61.000000 0.324329
62.000000 0.324313
63.000000 0.324279
1.000000 0.710905
1.414214 0.641919
2.236068 0.580495
3.162278 0.536600
4.123106 0.504850
5.099020 0.481081
6.082763 0.462545
7.071068 0.447670
8.062258 0.435345
9.055385 0.424908
10.049876 0.415903
11.045361 0.408084
12.041595 0.401257
13.038405 0.395176
14.035669 0.389678
15.033296 0.384748
16.031220 0.380351
17.029386 0.376249
18.027756 0.372509
19.026298 0.369073
20.024984 0.365891
21.023796 0.363123
22.022716 0.360425
23.021729 0.357971
24.020824 0.355594
25.019992 0.353426
26.019224 0.351362
27.018512 0.349461
28.017851 0.347694
29.017236 0.345961
30.016662 0.344409
31.016125 0.342971
32.015621 0.341558
33.015148 0.340308
34.014703 0.339035
35.014283 0.337945
36.013886 0.336887
37.013511 0.335976
38.013156 0.334962
39.012818 0.334091
40.012498 0.333338
41.012193 0.332514
42.011903 0.331752
43.011626 0.330991
44.011362 0.330343
45.011110 0.329687
46.010868 0.329130
47.010637 0.328620
48.010416 0.328116
49.010203 0.327665
50.009999 0.327217
51.009803 0.326809
52.009614 0.326438
53.009433 0.326089
54.009258 0.325790
55.009090 0.325476
56.008928 0.325097
57.008771 0.324908
58.008620 0.324755
59.008474 0.324612
60.008333 0.324469
61.008196 0.324343
62.008064 0.324286
63.007936 0.324280
2.000000 0.601373
2.236068 0.580501
2.828427 0.549073
3.605551 0.519735
4.472136 0.495148
5.385165 0.475024
6.324555 0.458511
7.280110 0.444869
8.246211 0.433275
9.219544 0.423384
10.198039 0.414755
11.180340 0.407144
12.165525 0.400470
13.152946 0.394567
14.142136 0.389192
15.132746 0.384380
16.124515 0.380009
17.117243 0.375974
18.110770 0.372260
19.104973 0.368882
20.099751 0.365806
21.095023 0.362997
22.090722 0.360322
23.086793 0.357837
24.083189 0.355473
25.079872 0.353352
26.076810 0.351340
27.073973 0.349399
28.071338 0.347626
29.068884 0.345970
30.066593 0.344389
31.064449 0.342887
32.062439 0.341505
33.060551 0.340212
34.058773 0.339041
35.057096 0.337969
36.055513 0.336943
37.054015 0.335982
38.052595 0.335020
39.051248 0.334170
40.049969 0.333342
41.048752 0.332636
42.047592 0.331928
43.046487 0.331120
44.045431 0.330416
45.044423 0.329787
46.043458 0.329215
47.042534 0.328688
48.041649 0.328224
49.040799 0.327760
50.039984 0.327278
51.039201 0.326813
52.038447 0.326463
53.037722 0.326165
54.037024 0.325905
55.036352 0.325535
56.035703 0.325142
57.035077 0.324898
58.034473 0.324740
59.033889 0.324621
60.033324 0.324441
61.032778 0.324377
62.032250 0.324336
63.031738 0.324265
3.000000 0.544724
3.162278 0.536636
3.605551 0.519799
4.242641 0.500806
5.000000 0.482769
5.830952 0.466636
6.708204 0.452620
7.615773 0.440532
8.544004 0.430033
9.486833 0.420841
10.440307 0.412797
11.401754 0.405603
12.369317 0.399258
13.341664 0.393559
14.317821 0.388338
15.297059 0.383699
16.278821 0.379438
17.262677 0.375455
18.248288 0.371862
19.235384 0.368563
20.223748 0.365509
21.213203 0.362711
22.203603 0.360049
23.194827 0.357619
24.186773 0.355308
25.179357 0.353179
26.172505 0.351164
27.166155 0.349277
28.160256 0.347504
29.154759 0.345792
30.149627 0.344244
31.144823 0.342755
32.140317 0.341433
33.136083 0.340174
34.132096 0.339012
35.128336 0.337940
36.124784 0.336893
37.121422 0.335962
38.118237 0.335013
39.115214 0.334199
40.112342 0.333363
41.109610 0.332670
42.107007 0.331918
43.104524 0.331139
44.102154 0.330429
45.099889 0.329823
46.097722 0.329260
47.095647 0.328735
48.093659 0.328291
49.091751 0.327834
50.089919 0.327333
51.088159 0.326883
52.086467 0.326556
53.084838 0.326254
54.083269 0.325889
55.081757 0.325492
56.080300 0.325193
57.078893 0.324982
58.077534 0.324756
59.076222 0.324594
60.074953 0.324384
61.073726 0.324293
62.072538 0.324263
63.071388 0.324258
4.000000 0.508912
4.123106 0.504951
4.472136 0.495213
5.000000 0.482786
5.656854 0.469692
6.403124 0.457153
7.211103 0.445560
8.062258 0.435119
8.944272 0.425865
9.848858 0.417560
10.770330 0.410202
11.704700 0.403560
12.649111 0.397586
13.601471 0.392177
14.560220 0.387220
15.524175 0.382656
16.492423 0.378576
17.464249 0.374728
18.439089 0.371277
19.416488 0.368060
20.396078 0.365027
21.377558 0.362264
22.360680 0.359611
23.345235 0.357281
24.331050 0.354981
25.317978 0.352930
26.305893 0.350917
27.294688 0.349041
28.284271 0.347264
29.274562 0.345624
30.265492 0.344083
31.256999 0.342642
32.249031 0.341385
33.241540 0.340164
34.234486 0.338997
35.227830 0.337894
36.221541 0.336890
37.215588 0.335868
38.209946 0.334960
39.204592 0.334155
40.199502 0.333376
41.194660 0.332640
42.190046 0.331872
43.185646 0.331103
44.181444 0.330424
45.177428 0.329823
46.173586 0.329273
47.169906 0.328777
48.166378 0.328350
49.162994 0.327841
50.159745 0.327332
51.156622 0.326909
52.153619 0.326559
53.150729 0.326250
54.147945 0.325829
55.145263 0.325502
56.142675 0.325190
57.140179 0.324958
58.137767 0.324771
59.135438 0.324586
60.133186 0.324396
61.131007 0.324288
62.128898 0.324202
63.126856 0.324254
5.000000 0.483378
5.099020 0.481083
5.385165 0.475035
5.830952 0.466645
6.403124 0.457141
7.071068 0.447398
7.810250 0.438050
8.602325 0.429264
9.433981 0.421162
10.295630 0.413847
11.180340 0.407161
12.083046 0.401062
13.000000 0.395492
13.928388 0.390438
14.866069 0.385730
15.811388 0.381376
16.763055 0.377439
17.720045 0.373772
18.681542 0.370430
19.646883 0.367383
20.615528 0.364464
21.587033 0.361762
22.561028 0.359175
23.537205 0.356799
24.515301 0.354594
25.495098 0.352546
26.476405 0.350581
27.459060 0.348764
28.442925 0.347028
29.427878 0.345370
30.413813 0.343835
31.400637 0.342504
32.388269 0.341283
33.376639 0.340067
34.365681 0.338966
35.355339 0.337867
36.345564 0.336863
37.336309 0.335862
38.327536 0.334946
39.319207 0.334090
40.311289 0.333303
41.303753 0.332565
42.296572 0.331769
43.289722 0.331009
44.283180 0.330315
45.276926 0.329817
46.270941 0.329291
47.265209 0.328810
48.259714 0.328333
49.254441 0.327866
50.249378 0.327366
51.244512 0.326919
52.239832 0.326496
53.235327 0.326163
54.230987 0.325824
55.226805 0.325497
56.222771 0.325231
57.218878 0.325034
58.215118 0.324767
59.211485 0.324593
60.207973 0.324391
61.204575 0.324273
62.201286 0.324239
63.198101 0.324245
6.000000 0.463968
6.082763 0.462510
6.324555 0.458483
6.708204 0.452626
7.211103 0.445590
7.810250 0.438040
8.485281 0.430401
9.219544 0.423082
10.000000 0.416171
10.816654 0.409715
11.661904 0.403782
12.529964 0.398262
13.416408 0.393147
14.317821 0.388462
15.231546 0.384095
16.155494 0.379948
17.088007 0.376187
18.027756 0.372666
18.973666 0.369483
19.924859 0.366535
20.880613 0.363712
21.840330 0.361041
22.803509 0.358556
23.769729 0.356264
24.738634 0.354132
25.709920 0.352119
26.683328 0.350200
27.658633 0.348452
28.635642 0.346777
29.614186 0.345136
30.594117 0.343621
31.575307 0.342297
32.557641 0.341074
33.541020 0.339889
34.525353 0.338832
35.510562 0.337757
36.496575 0.336708
37.483330 0.335702
38.470768 0.334843
39.458839 0.334055
40.447497 0.333253
41.436699 0.332456
42.426407 0.331727
43.416587 0.330990
44.407207 0.330318
45.398238 0.329797
46.389654 0.329304
47.381431 0.328762
48.373546 0.328304
49.365980 0.327871
50.358713 0.327410
51.351728 0.326935
52.345009 0.326517
53.338541 0.326138
54.332311 0.325785
55.326305 0.325488
56.320511 0.325210
57.314920 0.325005
58.309519 0.324757
59.304300 0.324592
60.299254 0.324430
61.294372 0.324299
62.289646 0.324302
63.285069 0.324286
7.000000 0.448579
7.071068 0.447566
7.280110 0.444723
7.615773 0.440426
8.062258 0.435123
8.602325 0.429223
9.219544 0.423106
9.899495 0.417024
10.630146 0.411092
11.401754 0.405467
12.206556 0.400228
13.038405 0.395278
13.892444 0.390635
14.764823 0.386259
15.652476 0.382211
16.552945 0.378323
17.464249 0.374778
18.384776 0.371497
19.313208 0.368436
20.248457 0.365590
21.189620 0.362842
22.135944 0.360293
23.086793 0.357903
24.041631 0.355692
25.000000 0.353646
25.961510 0.351681
26.925824 0.349789
27.892651 0.348027
28.861739 0.346399
29.832868 0.344885
30.805844 0.343409
31.780497 0.342071
32.756679 0.340880
33.734256 0.339757
34.713110 0.338691
35.693137 0.337659
36.674242 0.336569
37.656341 0.335642
38.639358 0.334739
39.623226 0.333996
40.607881 0.333206
41.593269 0.332432
42.579338 0.331724
43.566042 0.330981
44.553339 0.330306
45.541190 0.329717
46.529560 0.329222
47.518417 0.328699
48.507731 0.328255
49.497475 0.327796
50.487622 0.327376
51.478151 0.326935
52.469038 0.326530
53.460266 0.326172
54.451814 0.325827
55.443665 0.325475
56.435804 0.325198
57.428216 0.324936
58.420887 0.324749
59.413803 0.324556
60.406953 0.324397
61.400326 0.324335
62.393910 0.324317
63.387696 0.324223
8.000000 0.435825
8.062258 0.435123
8.246211 0.433064
8.544004 0.429911
8.944272 0.425842
9.433981 0.421179
10.000000 0.416204
10.630146 0.411091
11.313708 0.406033
12.041595 0.401212
12.806248 0.396587
13.601471 0.392155
14.422205 0.387941
15.264338 0.383897
16.124515 0.380161
17.000000 0.376621
17.888544 0.373297
18.788294 0.370159
19.697716 0.367210
20.615528 0.364474
21.540659 0.361873
22.472205 0.359448
23.409400 0.357140
24.351591 0.355057
25.298221 0.353072
26.248809 0.351149
27.202941 0.349393
28.160256 0.347724
29.120440 0.346110
30.083218 0.344584
31.048349 0.343120
32.015621 0.341802
32.984845 0.340592
33.955854 0.339483
34.928498 0.338439
35.902646 0.337470
36.878178 0.336489
37.854986 0.335514
38.832976 0.334630
39.812058 0.333928
40.792156 0.333110
41.773197 0.332328
42.755117 0.331622
43.737855 0.330923
44.721360 0.330289
45.705580 0.329729
46.690470 0.329252
47.675990 0.328690
48.662100 0.328226
49.648766 0.327734
50.635956 0.327296
51.623638 0.326875
52.611786 0.326539
53.600373 0.326167
54.589376 0.325810
55.578773 0.325467
56.568542 0.325211
57.558666 0.325002
58.549125 0.324758
59.539903 0.324594
60.530984 0.324476
61.522354 0.324379
62.513998 0.324270
63.505905 0.324134
9.000000 0.425165
9.055385 0.424639
9.219544 0.423112
9.486833 0.420706
9.848858 0.417510
10.295630 0.413807
10.816654 0.409709
11.401754 0.405436
12.041595 0.401193
12.727922 0.396973
13.453624 0.392902
14.212670 0.388907
15.000000 0.385103
15.811388 0.381456
16.643317 0.378068
17.492856 0.374767
18.357560 0.371701
19.235384 0.368698
20.124612 0.365892
21.023796 0.363315
21.931712 0.360787
22.847319 0.358499
23.769729 0.356321
24.698178 0.354314
25.632011 0.352452
26.570661 0.350589
27.513633 0.348877
28.460499 0.347264
29.410882 0.345670
30.364453 0.344167
31.320920 0.342784
32.280025 0.341495
33.241540 0.340311
34.205263 0.339282
35.171011 0.338273
36.138622 0.337276
37.107951 0.336301
38.078866 0.335342
39.051248 0.334542
40.024992 0.333767
41.000000 0.332971
41.976184 0.332224
42.953463 0.331496
43.931765 0.330886
44.911023 0.330228
45.891176 0.329652
46.872167 0.329175
47.853944 0.328624
48.836462 0.328132
49.819675 0.327646
50.803543 0.327248
51.788030 0.326868
52.773099 0.326487
53.758720 0.326153
54.744863 0.325837
55.731499 0.325486
56.718604 0.325210
57.706152 0.325013
58.694122 0.324722
59.682493 0.324568
60.671245 0.324470
61.660360 0.324403
62.649820 0.324249
63.639610 0.324063
10.000000 0.416102
10.049876 0.415736
10.198039 0.414504
10.440307 0.412638
10.770330 0.410104
11.180340 0.407091
11.661904 0.403715
12.206556 0.400156
12.806248 0.396508
13.453624 0.392856
14.142136 0.389193
14.866069 0.385699
15.620499 0.382251
16.401219 0.378999
17.204651 0.375877
18.027756 0.372813
18.867962 0.369939
19.723083 0.367160
20.591260 0.364451
21.470911 0.361992
22.360680 0.359633
23.259407 0.357521
24.166092 0.355443
25.079872 0.353532
26.000000 0.351741
26.925824 0.349943
27.856777 0.348308
28.792360 0.346729
29.732137 0.345166
30.675723 0.343791
31.622777 0.342435
32.572995 0.341190
33.526109 0.340044
34.481879 0.339008
35.440090 0.338028
36.400549 0.337060
37.363083 0.336052
38.327536 0.335136
39.293765 0.334345
40.261644 0.333552
41.231056 0.332792
42.201896 0.332042
43.174066 0.331383
44.147480 0.330765
45.122057 0.330149
46.097722 0.329530
47.074409 0.329034
48.052055 0.328468
49.030603 0.328039
50.009999 0.327608
50.990195 0.327254
51.971146 0.326869
52.952809 0.326410
53.935146 0.326093
54.918121 0.325712
55.901699 0.325403
56.885851 0.325185
57.870545 0.325035
58.855756 0.324768
59.841457 0.324518
60.827625 0.324429
61.814238 0.324301
62.801274 0.324191
63.788714 0.323990
11.000000 0.408285
11.045361 0.407969
11.180340 0.407051
11.401754 0.405497
11.704700 0.403457
12.083046 0.400944
12.529964 0.398150
13.038405 0.395187
13.601471 0.392053
14.212670 0.388866
14.866069 0.385664
15.556349 0.382558
16.278821 0.379462
17.029386 0.376452
17.804494 0.373562
18.601075 0.370766
19.416488 0.368063
20.248457 0.365483
21.095023 0.362982
21.954498 0.360703
22.825424 0.358476
23.706539 0.356406
24.596748 0.354518
25.495098 0.352722
26.400758 0.351051
27.313001 0.349321
28.231188 0.347698
29.154759 0.346146
30.083218 0.344726
31.016125 0.343362
31.953091 0.342081
32.893768 0.340913
33.837849 0.339817
34.785054 0.338778
35.735137 0.337779
36.687873 0.336779
37.643060 0.335826
38.600518 0.334912
39.560081 0.334095
40.521599 0.333323
41.484937 0.332567
42.449971 0.331927
43.416587 0.331257
44.384682 0.330551
45.354162 0.329966
46.324939 0.329377
47.296934 0.328847
48.270074 0.328376
49.244289 0.327916
50.219518 0.327495
51.195703 0.327115
52.172790 0.326748
53.150729 0.326330
54.129474 0.326006
55.108983 0.325664
56.089215 0.325414
57.070132 0.325159
58.051701 0.324893
59.033889 0.324718
60.016664 0.324461
61.000000 0.324335
61.983869 0.324175
62.968246 0.324041
63.953108 0.323854
12.000000 0.401340
12.041595 0.401217
12.165525 0.400392
12.369317 0.399154
12.649111 0.397459
13.000000 0.395392
13.416408 0.393012
13.892444 0.390477
14.422205 0.387819
15.000000 0.385058
15.620499 0.382235
16.278821 0.379432
16.970563 0.376647
17.691806 0.373993
18.439089 0.371249
19.209373 0.368697
20.000000 0.366226
20.808652 0.363846
21.633308 0.361543
22.472205 0.359386
23.323808 0.357286
24.186773 0.355338
25.059928 0.353600
25.942244 0.351906
26.832816 0.350302
27.730849 0.348642
28.635642 0.347082
29.546573 0.345572
30.463092 0.344187
31.384710 0.342879
32.310989 0.341688
33.241540 0.340543
34.176015 0.339479
35.114100 0.338514
36.055513 0.337542
37.000000 0.336512
37.947332 0.335589
38.897301 0.334697
39.849718 0.333884
40.804412 0.333089
41.761226 0.332370
42.720019 0.331725
43.680659 0.331018
44.643029 0.330376
45.607017 0.329789
46.572524 0.329249
47.539457 0.328748
48.507731 0.328277
49.477268 0.327850
50.447993 0.327415
51.419841 0.327009
52.392748 0.326617
53.366656 0.326249
54.341513 0.325899
55.317267 0.325603
56.293872 0.325341
57.271284 0.325083
58.249464 0.324838
59.228372 0.324621
60.207973 0.324449
61.188234 0.324278
62.169124 0.324044
63.150614 0.323872
64.132675 0.323734
13.000000 0.395250
13.038405 0.395128
13.152946 0.394507
13.341664 0.393497
13.601471 0.392065
13.928388 0.390317
14.317821 0.388350
14.764823 0.386139
15.264338 0.383820
15.811388 0.381406
16.401219 0.378909
17.029386 0.376449
17.691806 0.373946
18.384776 0.371478
19.104973 0.368996
19.849433 0.366680
20.615528 0.364412
21.400935 0.362166
22.203603 0.360095
23.021729 0.358070
23.853721 0.356100
24.698178 0.354252
25.553865 0.352592
26.419690 0.350981
27.294688 0.349472
28.178006 0.347906
29.068884 0.346435
29.966648 0.345003
30.870698 0.343591
31.780497 0.342350
32.695565 0.341191
33.615473 0.340110
34.539832 0.339095
35.468296 0.338116
36.400549 0.337149
37.336309 0.336176
38.275318 0.335288
39.217343 0.334359
40.162171 0.333597
41.109610 0.332898
42.059482 0.332155
43.011626 0.331502
43.965896 0.330814
44.922155 0.330154
45.880279 0.329592
46.840154 0.329099
47.801674 0.328665
48.764741 0.328143
49.729267 0.327765
50.695167 0.327334
51.662365 0.326900
52.630789 0.326543
53.600373 0.326162
54.571055 0.325831
55.542776 0.325487
56.515485 0.325241
57.489129 0.324973
58.463664 0.324776
59.439044 0.324531
60.415230 0.324372
61.392182 0.324201
62.369865 0.323928
63.348244 0.323800
64.327288 0.323696
14.000000 0.389829
14.035669 0.389677
14.142136 0.389167
14.317821 0.388304
14.560220 0.387060
14.866069 0.385597
15.231546 0.383924
15.652476 0.382028
16.124515 0.380027
16.643317 0.377949
17.204651 0.375733
17.804494 0.373588
18.439089 0.371318
19.104973 0.369055
19.798990 0.366812
20.518285 0.364685
21.260292 0.362576
22.022716 0.360522
22.803509 0.358587
23.600847 0.356715
24.413111 0.354891
25.238859 0.353141
26.076810 0.351550
26.925824 0.350018
27.784888 0.348553
28.653098 0.347107
29.529646 0.345725
30.413813 0.344380
31.304952 0.343033
32.202484 0.341863
33.105891 0.340680
34.014703 0.339649
34.928498 0.338656
35.846897 0.337681
36.769553 0.336740
37.696154 0.335831
38.626416 0.334929
39.560081 0.334102
40.496913 0.333272
41.436699 0.332592
42.379240 0.331897
43.324358 0.331270
44.271887 0.330576
45.221676 0.329902
46.173586 0.329346
47.127487 0.328889
48.083261 0.328463
49.040799 0.328001
50.000000 0.327617
50.960769 0.327222
51.923020 0.326765
52.886671 0.326476
53.851648 0.326032
54.817880 0.325703
55.785303 0.325354
56.753854 0.325103
57.723479 0.324905
58.694122 0.324684
59.665736 0.324462
60.638272 0.324327
61.611687 0.324107
62.585941 0.323874
63.560994 0.323708
64.536811 0.323597
15.000000 0.384865
15.033296 0.384716
15.132746 0.384326
15.297059 0.383610
15.524175 0.382555
15.811388 0.381339
16.155494 0.379866
16.552945 0.378239
17.000000 0.376466
17.492856 0.374649
18.027756 0.372666
18.601075 0.370704
19.209373 0.368689
19.849433 0.366661
20.518285 0.364686
21.213203 0.362706
21.931712 0.360774
22.671568 0.358875
23.430749 0.357045
24.207437 0.355313
25.000000 0.353610
25.806976 0.351930
26.627054 0.350448
27.459060 0.349018
28.301943 0.347644
29.154759 0.346233
30.016662 0.344926
30.886890 0.343659
31.764760 0.342388
32.649655 0.341255
33.541020 0.340204
34.438351 0.339178
35.341194 0.338154
36.249138 0.337180
37.161808 0.336307
38.078866 0.335453
39.000000 0.334599
39.924930 0.333707
40.853396 0.332969
41.785165 0.332298
42.720019 0.331623
43.657760 0.331016
44.598206 0.330402
45.541190 0.329772
46.486557 0.329209
47.434165 0.328721
48.383882 0.328300
49.335586 0.327936
50.289164 0.327519
51.244512 0.327090
52.201533 0.326680
53.160135 0.326356
54.120237 0.325944
55.081757 0.325589
56.044625 0.325272
57.008771 0.324997
57.974132 0.324752
58.940648 0.324587
59.908263 0.324423
60.876925 0.324221
61.846584 0.324029
62.817195 0.323779
63.788714 0.323620
64.761099 0.323611
16.000000 0.380336
16.031220 0.380190
16.124515 0.379899
16.278821 0.379356
16.492423 0.378485
16.763055 0.377424
17.088007 0.376159
17.464249 0.374697
17.888544 0.373122
18.357560 0.371486
18.867962 0.369750
19.416488 0.368032
20.000000 0.366248
20.615528 0.364410
21.260292 0.362590
21.931712 0.360772
22.627417 0.358983
23.345235 0.357226
24.083189 0.355526
24.839485 0.353889
25.612497 0.352286
26.400758 0.350748
27.202941 0.349342
28.017851 0.348026
28.844410 0.346675
29.681644 0.345350
30.528675 0.344077
31.384710 0.342885
32.249031 0.341741
33.120990 0.340673
34.000000 0.339594
34.885527 0.338592
35.777088 0.337585
36.674242 0.336665
37.576588 0.335799
38.483763 0.334974
39.395431 0.334173
40.311289 0.333360
41.231056 0.332654
42.154478 0.331986
43.081318 0.331313
44.011362 0.330713
44.944410 0.330135
45.880279 0.329555
46.818800 0.329079
47.759816 0.328562
48.703183 0.328172
49.648766 0.327808
50.596443 0.327369
51.546096 0.326976
52.497619 0.326607
53.450912 0.326212
54.405882 0.325801
55.362442 0.325436
56.320511 0.325129
57.280014 0.324869
58.240879 0.324643
59.203040 0.324438
60.166436 0.324302
61.131007 0.324138
62.096699 0.323932
63.063460 0.323765
64.031242 0.323550
65.000000 0.323485
17.000000 0.376268
17.029386 0.376159
17.117243 0.375932
17.262677 0.375407
17.464249 0.374646
17.720045 0.373793
18.027756 0.372698
18.384776 0.371459
18.788294 0.370033
19.235384 0.368540
19.723083 0.366999
20.248457 0.365439
20.808652 0.363822
21.400935 0.362237
22.022716 0.360645
22.671568 0.358941
23.345235 0.357268
24.041631 0.355611
24.758837 0.354015
25.495098 0.352482
26.248809 0.351040
27.018512 0.349584
27.802878 0.348216
28.600699 0.346874
29.410882 0.345591
30.232433 0.344393
31.064449 0.343178
31.906112 0.342049
32.756679 0.341018
33.615473 0.340013
34.481879 0.338961
35.355339 0.337993
36.235342 0.337050
37.121422 0.336134
38.013156 0.335313
38.910153 0.334486
39.812058 0.333747
40.718546 0.332985
41.629317 0.332306
42.544095 0.331623
43.462628 0.331000
44.384682 0.330470
45.310043 0.329910
46.238512 0.329361
47.169906 0.328872
48.104054 0.328393
49.040799 0.328037
49.979996 0.327646
50.921508 0.327177
51.865210 0.326824
52.810984 0.326395
53.758720 0.326031
54.708317 0.325662
55.659680 0.325366
56.612719 0.325066
57.567352 0.324729
58.523500 0.324515
59.481089 0.324281
60.440053 0.324164
61.400326 0.324021
62.361847 0.323813
63.324561 0.323677
64.288413 0.323451
65.253352 0.323331
18.000000 0.372582
18.027756 0.372524
18.110770 0.372259
18.248288 0.371809
18.439089 0.371164
18.681542 0.370412
18.973666 0.369456
19.313208 0.368380
19.697716 0.367147
20.124612 0.365816
20.591260 0.364458
21.095023 0.362974
21.633308 0.361532
22.203603 0.360107
22.803509 0.358665
23.430749 0.357153
24.083189 0.355574
24.758837 0.354063
25.455844 0.352592
26.172505 0.351162
26.907248 0.349824
27.658633 0.348402
28.425341 0.347055
29.206164 0.345783
30.000000 0.344617
30.805844 0.343479
31.622777 0.342338
32.449961 0.341279
33.286634 0.340304
34.132096 0.339358
34.985711 0.338427
35.846897 0.337501
36.715120 0.336554
37.589892 0.335621
38.470768 0.334809
39.357337 0.334057
40.249224 0.333338
41.146081 0.332641
42.047592 0.331975
42.953463 0.331237
43.863424 0.330711
44.777226 0.330206
45.694639 0.329703
46.615448 0.329166
47.539457 0.328647
48.466483 0.328232
49.396356 0.327797
50.328918 0.327408
51.264022 0.326952
52.201533 0.326582
53.141321 0.326224
54.083269 0.325908
55.027266 0.325568
55.973208 0.325192
56.920998 0.324878
57.870545 0.324602
58.821765 0.324382
59.774577 0.324197
60.728906 0.324005
61.684682 0.323887
62.641839 0.323684
63.600314 0.323526
64.560050 0.323328
65.520989 0.323165
19.000000 0.369145
19.026298 0.369136
19.104973 0.368880
19.235384 0.368488
19.416488 0.367909
19.646883 0.367301
19.924859 0.366491
20.248457 0.365507
20.615528 0.364474
21.023796 0.363267
21.470911 0.362041
21.954498 0.360719
22.472205 0.359407
23.021729 0.358031
23.600847 0.356730
24.207437 0.355385
24.839485 0.353934
25.495098 0.352532
26.172505 0.351127
26.870058 0.349779
27.586228 0.348452
28.319605 0.347187
29.068884 0.345937
29.832868 0.344774
30.610456 0.343632
31.400637 0.342483
32.202484 0.341479
33.015148 0.340502
33.837849 0.339568
34.669872 0.338636
35.510562 0.337752
36.359318 0.336914
37.215588 0.335987
38.078866 0.335191
38.948684 0.334413
39.824616 0.333644
40.706265 0.332936
41.593269 0.332286
42.485292 0.331597
43.382024 0.330962
44.283180 0.330471
45.188494 0.329983
46.097722 0.329466
47.010637 0.328942
47.927028 0.328453
48.846699 0.328012
49.769469 0.327601
50.695167 0.327180
51.623638 0.326777
52.554733 0.326402
53.488316 0.326070
54.424259 0.325753
55.362442 0.325445
56.302753 0.325074
57.245087 0.324757
58.189346 0.324496
59.135438 0.324237
60.083276 0.324078
61.032778 0.323885
61.983869 0.323749
62.936476 0.323596
63.890531 0.323438
64.845971 0.323233
65.802736 0.323121
20.000000 0.366052
20.024984 0.366036
20.099751 0.365828
20.223748 0.365480
20.396078 0.364968
20.615528 0.364405
20.880613 0.363707
21.189620 0.362812
21.540659 0.361871
21.931712 0.360808
22.360680 0.359714
22.825424 0.358551
23.323808 0.357317
23.853721 0.356146
24.413111 0.354884
25.000000 0.353619
25.612497 0.352295
26.248809 0.350990
26.907248 0.349738
27.586228 0.348430
28.284271 0.347189
29.000000 0.346007
29.732137 0.344857
30.479501 0.343748
31.240999 0.342642
32.015621 0.341597
32.802439 0.340618
33.600595 0.339698
34.409301 0.338859
35.227830 0.337997
36.055513 0.337159
36.891733 0.336322
37.735925 0.335527
38.587563 0.334766
39.446166 0.334019
40.311289 0.333232
41.182521 0.332540
42.059482 0.331973
42.941821 0.331275
43.829214 0.330666
44.721360 0.330126
45.617979 0.329627
46.518813 0.329161
47.423623 0.328642
48.332184 0.328239
49.244289 0.327782
50.159745 0.327362
51.078371 0.326943
52.000000 0.326578
52.924474 0.326192
53.851648 0.325851
54.781384 0.325553
55.713553 0.325244
56.648036 0.324869
57.584720 0.324572
58.523500 0.324280
59.464275 0.324121
60.406953 0.323954
61.351447 0.323732
62.297673 0.323553
63.245553 0.323476
64.195015 0.323343
65.145990 0.323151
66.098411 0.323017
21.000000 0.363176
21.023796 0.363184
21.095023 0.362984
21.213203 0.362668
21.377558 0.362257
21.587033 0.361729
21.840330 0.361085
22.135944 0.360344
22.472205 0.359536
22.847319 0.358569
23.259407 0.357539
23.706539 0.356443
24.186773 0.355362
24.698178 0.354286
25.238859 0.353129
25.806976 0.351959
26.400758 0.350726
27.018512 0.349578
27.658633 0.348378
28.319605 0.347172
29.000000 0.346068
29.698485 0.344912
30.413813 0.343816
31.144823 0.342723
31.890437 0.341692
32.649655 0.340767
33.421550 0.339819
34.205263 0.339005
35.000000 0.338159
35.805028 0.337295
36.619667 0.336554
37.443290 0.335771
38.275318 0.335040
39.115214 0.334323
39.962482 0.333620
40.816663 0.332863
41.677332 0.332128
42.544095 0.331535
43.416587 0.330899
44.294469 0.330341
45.177428 0.329818
46.065171 0.329342
46.957428 0.328835
47.853944 0.328390
48.754487 0.327940
49.658836 0.327502
50.566788 0.327081
51.478151 0.326777
52.392748 0.326400
53.310412 0.326031
54.230987 0.325673
55.154329 0.325392
56.080300 0.325085
57.008771 0.324735
57.939624 0.324445
58.872744 0.324190
59.808026 0.323987
60.745370 0.323809
61.684682 0.323600
62.625873 0.323398
63.568860 0.323291
64.513564 0.323157
65.459911 0.323010
66.407831 0.322933
22.000000 0.360467
22.022716 0.360464
22.090722 0.360380
22.203603 0.360054
22.360680 0.359640
22.561028 0.359188
22.803509 0.358646
23.086793 0.357962
23.409400 0.357215
23.769729 0.356316
24.166092 0.355442
24.596748 0.354475
25.059928 0.353511
25.553865 0.352482
26.076810 0.351487
26.627054 0.350386
27.202941 0.349219
27.802878 0.348156
28.425341 0.347020
29.068884 0.345937
29.732137 0.344924
30.413813 0.343874
31.112698 0.342780
31.827661 0.341697
32.557641 0.340785
33.301652 0.339873
34.058773 0.339005
34.828150 0.338251
35.608988 0.337475
36.400549 0.336710
37.202150 0.335987
38.013156 0.335238
38.832976 0.334506
39.661064 0.333823
40.496913 0.333129
41.340053 0.332416
42.190046 0.331725
43.046487 0.331131
43.908997 0.330573
44.777226 0.330023
45.650849 0.329500
46.529560 0.328921
47.413078 0.328532
48.301139 0.328103
49.193496 0.327622
50.089919 0.327199
50.990195 0.326878
51.894123 0.326515
52.801515 0.326202
53.712196 0.325848
54.626001 0.325534
55.542776 0.325224
56.462377 0.324849
57.384667 0.324539
58.309519 0.324250
59.236813 0.324071
60.166436 0.323831
61.098281 0.323615
62.032250 0.323483
62.968246 0.323273
63.906181 0.323080
64.845971 0.322915
65.787537 0.322863
66.730802 0.322746
23.000000 0.357880
23.021729 0.357943
23.086793 0.357838
23.194827 0.357649
23.345235 0.357324
23.537205 0.356843
23.769729 0.356328
24.041631 0.355735
24.351591 0.355034
24.698178 0.354276
25.079872 0.353483
25.495098 0.352568
25.942244 0.351684
26.419690 0.350839
26.925824 0.349913
27.459060 0.348866
28.017851 0.347820
28.600699 0.346820
29.206164 0.345742
29.832868 0.344772
30.479501 0.343833
31.144823 0.342774
31.827661 0.341783
32.526912 0.340761
33.241540 0.339905
33.970576 0.339087
34.713110 0.338301
35.468296 0.337569
36.235342 0.336802
37.013511 0.336062
37.802116 0.335387
38.600518 0.334665
39.408121 0.333957
40.224371 0.333310
41.048752 0.332658
41.880783 0.332020
42.720019 0.331301
43.566042 0.330771
44.418465 0.330235
45.276926 0.329677
46.141088 0.329160
47.010637 0.328641
47.885280 0.328187
48.764741 0.327810
49.648766 0.327366
50.537115 0.326926
51.429563 0.326598
52.325902 0.326230
53.225934 0.325936
54.129474 0.325625
55.036352 0.325335
55.946403 0.325012
56.859476 0.324629
57.775427 0.324349
58.694122 0.324106
59.615434 0.323883
60.539243 0.323662
61.465437 0.323411
62.393910 0.323303
63.324561 0.323124
64.257295 0.322968
65.192024 0.322779
66.128662 0.322669
67.067131 0.322533
24.000000 0.355574
24.020824 0.355627
24.083189 0.355558
24.186773 0.355363
24.331050 0.355079
24.515301 0.354697
24.738634 0.354230
25.000000 0.353700
25.298221 0.353059
25.632011 0.352372
26.000000 0.351679
26.400758 0.350917
26.832816 0.350115
27.294688 0.349331
27.784888 0.348370
28.301943 0.347442
28.844410 0.346510
29.410882 0.345520
30.000000 0.344595
30.610456 0.343670
31.240999 0.342741
31.890437 0.341737
32.557641 0.340820
33.241540 0.339912
33.941125 0.339089
34.655447 0.338316
35.383612 0.337631
36.124784 0.336880
36.878178 0.336083
37.643060 0.335354
38.418745 0.334780
39.204592 0.334089
40.000000 0.333414
40.804412 0.332767
41.617304 0.332172
42.438190 0.331553
43.266615 0.330893
44.102154 0.330331
44.944410 0.329820
45.793013 0.329330
46.647615 0.328882
47.507894 0.328355
48.373546 0.327900
49.244289 0.327487
50.119856 0.327097
51.000000 0.326715
51.884487 0.326304
52.773099 0.325901
53.665631 0.325594
54.561891 0.325362
55.461698 0.325091
56.364883 0.324744
57.271284 0.324423
58.180753 0.324138
59.093147 0.323862
60.008333 0.323683
60.926185 0.323539
61.846584 0.323323
62.769419 0.323082
63.694584 0.322942
64.621978 0.322784
65.551506 0.322608
66.483081 0.322494
67.416615 0.322347
25.000000 0.353403
25.019992 0.353419
25.079872 0.353357
25.179357 0.353205
25.317978 0.352969
25.495098 0.352675
25.709920 0.352233
25.961510 0.351786
26.248809 0.351246
26.570661 0.350620
26.925824 0.349962
27.313001 0.349244
27.730849 0.348522
28.178006 0.347758
28.653098 0.346878
29.154759 0.346070
29.681644 0.345200
30.232433 0.344286
30.805844 0.343437
31.400637 0.342622
32.015621 0.341682
32.649655 0.340727
33.301652 0.339886
33.970576 0.339020
34.655447 0.338248
35.355339 0.337563
36.069378 0.336875
36.796739 0.336173
37.536649 0.335444
38.288379 0.334743
39.051248 0.334165
39.824616 0.333559
40.607881 0.332925
41.400483 0.332328
42.201896 0.331735
43.011626 0.331129
43.829214 0.330474
44.654227 0.329895
45.486262 0.329501
46.324939 0.328968
47.169906 0.328529
48.020829 0.328102
48.877398 0.327643
49.739320 0.327242
50.606324 0.326770
51.478151 0.326387
52.354560 0.326010
53.235327 0.325659
54.120237 0.325303
55.009090 0.325029
55.901699 0.324810
56.797887 0.324441
57.697487 0.324203
58.600341 0.323902
59.506302 0.323658
60.415230 0.323525
61.326992 0.323324
62.241465 0.323124
63.158531 0.322918
64.078077 0.322731
65.000000 0.322599
65.924199 0.322460
66.850580 0.322350
67.779053 0.322280
26.000000 0.351351
26.019224 0.351369
26.076810 0.351293
26.172505 0.351161
26.305893 0.350928
26.476405 0.350671
26.683328 0.350358
26.925824 0.350005
27.202941 0.349507
27.513633 0.348938
27.856777 0.348348
28.231188 0.347707
28.635642 0.347014
29.068884 0.346254
29.529646 0.345392
30.016662 0.344666
30.528675 0.343883
31.064449 0.343120
31.622777 0.342375
32.202484 0.341557
32.802439 0.340690
33.421550 0.339823
34.058773 0.339061
34.713110 0.338225
35.383612 0.337516
36.069378 0.336830
36.769553 0.336150
37.483330 0.335482
38.209946 0.334846
38.948684 0.334197
39.698866 0.333582
40.459857 0.332991
41.231056 0.332405
42.011903 0.331821
42.801869 0.331232
43.600459 0.330698
44.407207 0.330109
45.221676 0.329545
46.043458 0.329095
46.872167 0.328570
47.707442 0.328154
48.548944 0.327731
49.396356 0.327266
50.249378 0.326844
51.107729 0.326419
51.971146 0.326068
52.839379 0.325666
53.712196 0.325373
54.589376 0.325014
55.470713 0.324697
56.356011 0.324468
57.245087 0.324229
58.137767 0.323963
59.033889 0.323713
59.933296 0.323412
60.835845 0.323263
61.741396 0.323104
62.649820 0.322894
63.560994 0.322779
64.474801 0.322611
65.391131 0.322484
66.309879 0.322313
67.230945 0.322202
68.154237 0.322090
27.000000 0.349442
27.018512 0.349435
27.073973 0.349372
27.166155 0.349235
27.294688 0.349060
27.459060 0.348859
27.658633 0.348537
27.892651 0.348202
28.160256 0.347787
28.460499 0.347339
28.792360 0.346793
29.154759 0.346163
29.546573 0.345543
29.966648 0.344877
30.413813 0.344146
30.886890 0.343393
31.384710 0.342648
31.906112 0.341972
32.449961 0.341248
33.015148 0.340521
33.600595 0.339745
34.205263 0.338976
34.828150 0.338214
35.468296 0.337442
36.124784 0.336757
36.796739 0.336162
37.483330 0.335499
38.183766 0.334869
38.897301 0.334308
39.623226 0.333664
40.360872 0.333021
41.109610 0.332414
41.868843 0.331836
42.638011 0.331283
43.416587 0.330740
44.204072 0.330229
45.000000 0.329690
45.803930 0.329218
46.615448 0.328729
47.434165 0.328237
48.259714 0.327818
49.091751 0.327401
49.929951 0.326940
50.774009 0.326489
51.623638 0.326129
52.478567 0.325702
53.338541 0.325337
54.203321 0.325033
55.072679 0.324740
55.946403 0.324406
56.824291 0.324136
57.706152 0.323873
58.591808 0.323661
59.481089 0.323454
60.373835 0.323197
61.269895 0.322995
62.169124 0.322821
63.071388 0.322700
63.976558 0.322579
64.884513 0.322428
65.795137 0.322264
66.708320 0.322160
67.623960 0.322063
68.541958 0.321922
28.000000 0.347617
28.017851 0.347613
28.071338 0.347609
28.160256 0.347516
28.284271 0.347303
28.442925 0.347070
28.635642 0.346834
28.861739 0.346585
29.120440 0.346202
29.410882 0.345771
29.732137 0.345260
30.083218 0.344737
30.463092 0.344127
30.870698 0.343537
31.304952 0.342865
31.764760 0.342201
32.249031 0.341537
32.756679 0.340875
33.286634 0.340199
33.837849 0.339494
34.409301 0.338761
35.000000 0.338047
35.608988 0.337388
36.235342 0.336676
36.878178 0.336058
37.536649 0.335500
38.209946 0.334933
38.897301 0.334309
39.597980 0.333731
40.311289 0.333120
41.036569 0.332495
41.773197 0.331857
42.520583 0.331321
43.278170 0.330787
44.045431 0.330253
44.821870 0.329773
45.607017 0.329291
46.400431 0.328865
47.201695 0.328446
48.010416 0.327923
48.826222 0.327447
49.648766 0.327034
50.477718 0.326601
51.312766 0.326202
52.153619 0.325828
53.000000 0.325410
53.851648 0.325076
54.708317 0.324770
55.569776 0.324480
56.435804 0.324113
57.306195 0.323834
58.180753 0.323561
59.059292 0.323360
59.941638 0.323160
60.827625 0.322968
61.717096 0.322796
62.609903 0.322628
63.505905 0.322512
64.404969 0.322372
65.306967 0.322272
66.211781 0.322132
67.119297 0.322054
68.029405 0.321899
68.942005 0.321782
29.000000 0.345975
29.017236 0.345961
29.068884 0.345893
29.154759 0.345754
29.274562 0.345626
29.427878 0.345487
29.614186 0.345260
29.832868 0.345027
30.083218 0.344686
30.364453 0.344252
30.675723 0.343829
31.016125 0.343333
31.384710 0.342833
31.780497 0.342288
32.202484 0.341693
32.649655 0.341032
33.120990 0.340456
33.615473 0.339832
34.132096 0.339166
34.669872 0.338487
35.227830 0.337802
35.805028 0.337136
36.400549 0.336543
37.013511 0.335905
37.643060 0.335360
38.288379 0.334786
38.948684 0.334275
39.623226 0.333709
40.311289 0.333173
41.012193 0.332587
41.725292 0.331980
42.449971 0.331365
43.185646 0.330833
43.931765 0.330341
44.687806 0.329772
45.453273 0.329347
46.227697 0.328931
47.010637 0.328553
47.801674 0.328067
48.600412 0.327559
49.406477 0.327127
50.219518 0.326700
51.039201 0.326277
51.865210 0.325873
52.697249 0.325494
53.535035 0.325130
54.378304 0.324816
55.226805 0.324478
56.080300 0.324180
56.938563 0.323892
57.801384 0.323589
58.668561 0.323333
59.539903 0.323102
60.415230 0.322962
61.294372 0.322781
62.177166 0.322605
63.063460 0.322422
63.953108 0.322272
64.845971 0.322145
65.741920 0.322052
66.640828 0.321924
67.542579 0.321861
68.447060 0.321719
69.354164 0.321646
30.000000 0.344353
30.016662 0.344334
30.066593 0.344266
30.149627 0.344223
30.265492 0.344108
30.413813 0.344053
30.594117 0.343763
30.805844 0.343512
31.048349 0.343211
31.320920 0.342863
31.622777 0.342486
31.953091 0.341979
32.310989 0.341572
32.695565 0.341056
33.105891 0.340503
33.541020 0.339918
34.000000 0.339406
34.481879 0.338814
34.985711 0.338219
35.510562 0.337554
36.055513 0.336884
36.619667 0.336291
37.202150 0.335711
37.802116 0.335122
38.418745 0.334555
39.051248 0.334049
39.698866 0.333613
40.360872 0.333090
41.036569 0.332553
41.725292 0.332050
42.426407 0.331480
43.139309 0.330943
43.863424 0.330376
44.598206 0.329849
45.343136 0.329310
46.097722 0.328942
46.861498 0.328530
47.634021 0.328192
48.414874 0.327683
49.203658 0.327235
50.000000 0.326805
50.803543 0.326358
51.613952 0.325949
52.430907 0.325594
53.254108 0.325204
54.083269 0.324873
54.918121 0.324517
55.758407 0.324209
56.603887 0.323895
57.454330 0.323619
58.309519 0.323332
59.169249 0.323108
60.033324 0.322839
60.901560 0.322673
61.773781 0.322514
62.649820 0.322361
63.529521 0.322234
64.412732 0.322135
65.299311 0.322028
66.189123 0.321945
67.082039 0.321771
67.977938 0.321710
68.876701 0.321625
69.778220 0.321497
31.000000 0.342942
31.016125 0.342921
31.064449 0.342813
31.144823 0.342789
31.256999 0.342653
31.400637 0.342601
31.575307 0.342355
31.780497 0.342123
32.015621 0.341874
32.280025 0.341523
32.572995 0.341212
32.893768 0.340804
33.241540 0.340342
33.615473 0.339869
34.014703 0.339319
34.438351 0.338853
34.885527 0.338331
35.355339 0.337764
35.846897 0.337268
36.359318 0.336652
36.891733 0.336046
37.443290 0.335462
38.013156 0.334969
38.600518 0.334422
39.204592 0.333895
39.824616 0.333398
40.459857 0.332925
41.109610 0.332439
41.773197 0.331929
42.449971 0.331446
43.139309 0.330969
43.840620 0.330454
44.553339 0.329891
45.276926 0.329319
46.010868 0.328845
46.754679 0.328479
47.507894 0.328081
48.270074 0.327729
49.040799 0.327312
49.819675 0.326891
50.606324 0.326426
51.400389 0.326034
52.201533 0.325583
53.009433 0.325267
53.823787 0.324879
54.644304 0.324532
55.470713 0.324248
56.302753 0.323909
57.140179 0.323640
57.982756 0.323353
58.830264 0.323019
59.682493 0.322823
60.539243 0.322597
61.400326 0.322394
62.265560 0.322261
63.134776 0.322124
64.007812 0.321989
64.884513 0.321878
65.764732 0.321817
66.648331 0.321764
67.535176 0.321587
68.425142 0.321491
69.318107 0.321404
70.213959 0.321286
32.000000 0.341564
32.015621 0.341486
32.062439 0.341463
32.140317 0.341404
32.249031 0.341315
32.388269 0.341207
32.557641 0.341108
32.756679 0.340860
32.984845 0.340619
33.241540 0.340310
33.526109 0.339993
33.837849 0.339618
34.176015 0.339174
34.539832 0.338708
34.928498 0.338234
35.341194 0.337819
35.777088 0.337353
36.235342 0.336845
36.715120 0.336357
37.215588 0.335786
37.735925 0.335232
38.275318 0.334695
38.832976 0.334233
39.408121 0.333771
40.000000 0.333287
40.607881 0.332784
41.231056 0.332279
41.868843 0.331845
42.520583 0.331406
43.185646 0.330943
43.863424 0.330464
44.553339 0.329960
45.254834 0.329415
45.967380 0.328877
46.690470 0.328402
47.423623 0.327992
48.166378 0.327633
48.918299 0.327318
49.678969 0.326934
50.447993 0.326453
51.224994 0.325988
52.009614 0.325609
52.801515 0.325239
53.600373 0.324966
54.405882 0.324587
55.217751 0.324219
56.035703 0.323939
56.859476 0.323659
57.688820 0.323383
58.523500 0.323125
59.363288 0.322827
60.207973 0.322605
61.057350 0.322360
61.911227 0.322185
62.769419 0.322083
63.631753 0.321935
64.498062 0.321819
65.368188 0.321711
66.241981 0.321659
67.119297 0.321538
68.000000 0.321422
68.883960 0.321320
69.771054 0.321234
70.661163 0.321120
33.000000 0.340229
33.015148 0.340194
33.060551 0.340177
33.136083 0.340130
33.241540 0.340033
33.376639 0.339944
33.541020 0.339808
33.734256 0.339650
33.955854 0.339398
34.205263 0.339164
34.481879 0.338809
34.785054 0.338480
35.114100 0.338044
35.468296 0.337608
35.846897 0.337237
36.249138 0.336796
36.674242 0.336407
37.121422 0.335917
37.589892 0.335432
38.078866 0.334963
38.587563 0.334467
39.115214 0.333963
39.661064 0.333516
40.224371 0.333107
40.804412 0.332648
41.400483 0.332191
42.011903 0.331735
42.638011 0.331310
43.278170 0.330886
43.931765 0.330405
44.598206 0.329948
45.276926 0.329442
45.967380 0.328920
46.669048 0.328427
47.381431 0.327964
48.104054 0.327516
48.836462 0.327217
49.578221 0.326812
50.328918 0.326426
51.088159 0.325996
51.855569 0.325612
52.630789 0.325244
53.413481 0.324890
54.203321 0.324569
55.000000 0.324234
55.803226 0.323923
56.612719 0.323652
57.428216 0.323411
58.249464 0.323114
59.076222 0.322955
59.908263 0.322715
60.745370 0.322493
61.587336 0.322295
62.433965 0.322087
63.285069 0.321962
64.140471 0.321783
65.000000 0.321687
65.863495 0.321554
66.730802 0.321495
67.601775 0.321383
68.476273 0.321260
69.354164 0.321142
70.235319 0.321120
71.119618 0.321042
34.000000 0.339044
34.014703 0.339001
34.058773 0.338987
34.132096 0.338901
34.234486 0.338803
34.365681 0.338728
34.525353 0.338592
34.713110 0.338460
34.928498 0.338300
35.171011 0.338043
35.440090 0.337678
35.735137 0.337386
36.055513 0.337017
36.400549 0.336649
36.769553 0.336260
37.161808 0.335917
37.576588 0.335601
38.013156 0.335124
38.470768 0.334676
38.948684 0.334162
39.446166 0.333713
39.962482 0.333243
40.496913 0.332789
41.048752 0.332424
41.617304 0.332002
42.201896 0.331581
42.801869 0.331148
43.416587 0.330745
44.045431 0.330354
44.687806 0.329917
45.343136 0.329452
46.010868 0.328993
46.690470 0.328459
47.381431 0.327985
48.083261 0.327530
48.795492 0.327073
49.517674 0.326749
50.249378 0.326346
50.990195 0.325954
51.739733 0.325615
52.497619 0.325218
53.263496 0.324869
54.037024 0.324565
54.817880 0.324246
55.605755 0.323928
56.400355 0.323652
57.201399 0.323394
58.008620 0.323153
58.821765 0.322865
59.640590 0.322661
60.464866 0.322540
61.294372 0.322351
62.128898 0.322148
62.968246 0.321915
63.812225 0.321775
64.660653 0.321627
65.513357 0.321482
66.370174 0.321384
67.230945 0.321299
68.095521 0.321191
68.963759 0.321142
69.835521 0.320997
70.710678 0.320918
71.589105 0.320833
35.000000 0.337983
35.014283 0.337866
35.057096 0.337829
35.128336 0.337794
35.227830 0.337688
35.355339 0.337642
35.510562 0.337516
35.693137 0.337391
35.902646 0.337256
36.138622 0.337012
36.400549 0.336628
36.687873 0.336351
37.000000 0.336010
37.336309 0.335688
37.696154 0.335361
38.078866 0.335030
38.483763 0.334714
38.910153 0.334331
39.357337 0.333888
39.824616 0.333400
40.311289 0.332954
40.816663 0.332571
41.340053 0.332175
41.880783 0.331729
42.438190 0.331314
43.011626 0.330948
43.600459 0.330540
44.204072 0.330201
44.821870 0.329763
45.453273 0.329362
46.097722 0.328943
46.754679 0.328538
47.423623 0.327996
48.104054 0.327524
48.795492 0.327085
49.497475 0.326664
50.209561 0.326292
50.931326 0.325888
51.662365 0.325589
52.402290 0.325261
53.150729 0.324863
53.907328 0.324537
54.671748 0.324245
55.443665 0.323935
56.222771 0.323668
57.008771 0.323390
57.801384 0.323130
58.600341 0.322898
59.405387 0.322644
60.216277 0.322443
61.032778 0.322335
61.854668 0.322154
62.681736 0.321961
63.513778 0.321740
64.350602 0.321576
65.192024 0.321469
66.037868 0.321308
66.887966 0.321142
67.742158 0.321078
68.600292 0.320934
69.462220 0.320869
70.327804 0.320792
71.196910 0.320685
72.069411 0.320599
36.000000 0.336904
36.013886 0.336853
36.055513 0.336784
36.124784 0.336763
36.221541 0.336604
36.345564 0.336518
36.496575 0.336440
36.674242 0.336369
36.878178 0.336229
37.107951 0.336004
37.363083 0.335690
37.643060 0.335406
37.947332 0.335156
38.275318 0.334820
38.626416 0.334501
39.000000 0.334096
39.395431 0.333753
39.812058 0.333419
40.249224 0.333080
40.706265 0.332649
41.182521 0.332199
41.677332 0.331849
42.190046 0.331491
42.720019 0.331053
43.266615 0.330652
43.829214 0.330298
44.407207 0.329928
45.000000 0.329575
45.607017 0.329155
46.227697 0.328788
46.861498 0.328462
47.507894 0.328105
48.166378 0.327578
48.836462 0.327035
49.517674 0.326637
50.209561 0.326272
50.911688 0.325913
51.623638 0.325569
52.345009 0.325225
53.075418 0.324935
53.814496 0.324523
54.561891 0.324215
55.317267 0.323915
56.080300 0.323609
56.850682 0.323343
57.628118 0.323068
58.412327 0.322879
59.203040 0.322726
60.000000 0.322454
60.802960 0.322272
61.611687 0.322100
62.425956 0.321911
63.245553 0.321755
64.070274 0.321555
64.899923 0.321338
65.734314 0.321263
66.573268 0.321148
67.416615 0.320972
68.264193 0.320858
69.115845 0.320754
69.971423 0.320626
70.830784 0.320551
71.693793 0.320500
72.560320 0.320411
37.000000 0.335882
37.013511 0.335823
37.054015 0.335732
37.121422 0.335735
37.215588 0.335672
37.336309 0.335616
37.483330 0.335539
37.656341 0.335475
37.854986 0.335310
38.078866 0.335065
38.327536 0.334779
38.600518 0.334469
38.897301 0.334277
39.217343 0.333964
39.560081 0.333609
39.924930 0.333268
40.311289 0.332917
40.718546 0.332652
41.146081 0.332306
41.593269 0.331912
42.059482 0.331452
42.544095 0.331142
43.046487 0.330835
43.566042 0.330455
44.102154 0.330078
44.654227 0.329713
45.221676 0.329324
45.803930 0.328975
46.400431 0.328578
47.010637 0.328228
47.634021 0.327890
48.270074 0.327607
48.918299 0.327082
49.578221 0.326615
50.249378 0.326185
50.931326 0.325854
51.623638 0.325478
52.325902 0.325191
53.037722 0.324836
53.758720 0.324549
54.488531 0.324204
55.226805 0.323911
55.973208 0.323587
56.727418 0.323262
57.489129 0.323052
58.258047 0.322811
59.033889 0.322619
59.816386 0.322465
60.605280 0.322259
61.400326 0.322035
62.201286 0.321819
63.007936 0.321658
63.820060 0.321493
64.637450 0.321320
65.459911 0.321155
66.287254 0.321101
67.119297 0.321083
67.955868 0.320934
68.796802 0.320759
69.641941 0.320617
70.491134 0.320483
71.344236 0.320357
72.201108 0.320248
73.061618 0.320210
38.000000 0.334976
38.013156 0.334932
38.052595 0.334853
38.118237 0.334838
38.209946 0.334788
38.327536 0.334730
38.470768 0.334668
38.639358 0.334577
38.832976 0.334437
39.051248 0.334170
39.293765 0.333907
39.560081 0.333676
39.849718 0.333362
40.162171 0.333122
40.496913 0.332803
40.853396 0.332494
41.231056 0.332205
41.629317 0.331887
42.047592 0.331574
42.485292 0.331192
42.941821 0.330800
43.416587 0.330508
43.908997 0.330231
44.418465 0.329840
44.944410 0.329501
45.486262 0.329091
46.043458 0.328722
46.615448 0.328395
47.201695 0.328020
47.801674 0.327638
48.414874 0.327320
49.040799 0.327022
49.678969 0.326600
50.328918 0.326189
50.990195 0.325801
51.662365 0.325450
52.345009 0.325114
53.037722 0.324779
53.740115 0.324465
54.451814 0.324158
55.172457 0.323901
55.901699 0.323615
56.639209 0.323314
57.384667 0.323009
58.137767 0.322801
58.898217 0.322563
59.665736 0.322443
60.440053 0.322205
61.220911 0.322009
62.008064 0.321728
62.801274 0.321553
63.600314 0.321488
64.404969 0.321321
65.215029 0.321158
66.030296 0.321020
66.850580 0.320994
67.675697 0.320916
68.505474 0.320782
69.339743 0.320595
70.178344 0.320406
71.021124 0.320306
71.867934 0.320190
72.718636 0.320103
73.573093 0.320049
39.000000 0.334088
39.012818 0.334075
39.051248 0.334059
39.115214 0.334032
39.204592 0.333941
39.319207 0.333919
39.458839 0.333808
39.623226 0.333691
39.812058 0.333575
40.024992 0.333327
40.261644 0.333085
40.521599 0.332874
40.804412 0.332615
41.109610 0.332371
41.436699 0.332098
41.785165 0.331773
42.154478 0.331476
42.544095 0.331143
42.953463 0.330829
43.382024 0.330553
43.829214 0.330187
44.294469 0.329910
44.777226 0.329617
45.276926 0.329212
45.793013 0.328929
46.324939 0.328580
46.872167 0.328213
47.434165 0.327840
48.010416 0.327484
48.600412 0.327135
49.203658 0.326811
49.819675 0.326506
50.447993 0.326100
51.088159 0.325743
51.739733 0.325411
52.402290 0.325104
53.075418 0.324733
53.758720 0.324395
54.451814 0.324101
55.154329 0.323844
55.865911 0.323572
56.586217 0.323255
57.314920 0.323013
58.051701 0.322699
58.796258 0.322512
59.548300 0.322288
60.307545 0.322154
61.073726 0.321967
61.846584 0.321765
62.625873 0.321524
63.411355 0.321342
64.202804 0.321216
65.000000 0.321122
65.802736 0.320949
66.610810 0.320894
67.424031 0.320780
68.242216 0.320704
69.065187 0.320534
69.892775 0.320432
70.724819 0.320285
71.561163 0.320179
72.401657 0.320079
73.246160 0.320052
74.094534 0.319943
40.000000 0.333250
40.012498 0.333256
40.049969 0.333300
40.112342 0.333213
40.199502 0.333128
40.311289 0.333070
40.447497 0.332988
40.607881 0.332907
40.792156 0.332761
41.000000 0.332535
41.231056 0.332332
41.484937 0.332142
41.761226 0.331877
42.059482 0.331642
42.379240 0.331334
42.720019 0.331037
43.081318 0.330777
43.462628 0.330399
43.863424 0.330117
44.283180 0.329897
44.721360 0.329584
45.177428 0.329267
45.650849 0.329016
46.141088 0.328703
46.647615 0.328374
47.169906 0.328048
47.707442 0.327670
48.259714 0.327335
48.826222 0.327009
49.406477 0.326677
50.000000 0.326322
50.606324 0.326023
51.224994 0.325675
51.855569 0.325342
52.497619 0.324992
53.150729 0.324750
53.814496 0.324428
54.488531 0.324049
55.172457 0.323718
55.865911 0.323437
56.568542 0.323186
57.280014 0.322946
58.000000 0.322730
58.728187 0.322486
59.464275 0.322280
60.207973 0.322120
60.959003 0.321927
61.717096 0.321770
62.481997 0.321545
63.253458 0.321330
64.031242 0.321145
64.815122 0.321017
65.604878 0.320888
66.400301 0.320711
67.201190 0.320629
68.007353 0.320563
68.818602 0.320501
69.634761 0.320384
70.455660 0.320293
71.281134 0.320192
72.111026 0.320096
72.945185 0.319978
73.783467 0.319892
74.625733 0.319860
41.000000 0.332479
41.012193 0.332426
41.048752 0.332470
41.109610 0.332415
41.194660 0.332344
41.303753 0.332285
41.436699 0.332245
41.593269 0.332180
41.773197 0.331966
41.976184 0.331832
42.201896 0.331608
42.449971 0.331413
42.720019 0.331173
43.011626 0.330950
43.324358 0.330663
43.657760 0.330399
44.011362 0.330155
44.384682 0.329821
44.777226 0.329485
45.188494 0.329265
45.617979 0.328924
46.065171 0.328627
46.529560 0.328402
47.010637 0.328117
47.507894 0.327807
48.020829 0.327511
48.548944 0.327197
49.091751 0.326860
49.648766 0.326533
50.219518 0.326196
50.803543 0.325878
51.400389 0.325591
52.009614 0.325278
52.630789 0.324977
53.263496 0.324702
53.907328 0.324426
54.561891 0.324055
55.226805 0.323665
55.901699 0.323326
56.586217 0.323074
57.280014 0.322830
57.982756 0.322663
58.694122 0.322420
59.413803 0.322250
60.141500 0.322080
60.876925 0.321932
61.619802 0.321741
62.369865 0.321591
63.126856 0.321394
63.890531 0.321118
64.660653 0.320950
65.436993 0.320837
66.219333 0.320695
67.007462 0.320507
67.801180 0.320376
68.600292 0.320322
69.404611 0.320295
70.213959 0.320249
71.028163 0.320171
71.847060 0.320048
72.670489 0.319871
73.498299 0.319787
74.330344 0.319716
75.166482 0.319699
42.000000 0.331741
42.011903 0.331711
42.047592 0.331751
42.107007 0.331729
42.190046 0.331662
42.296572 0.331568
42.426407 0.331458
42.579338 0.331394
42.755117 0.331223
42.953463 0.331091
43.174066 0.330894
43.416587 0.330715
43.680659 0.330540
43.965896 0.330322
44.271887 0.330056
44.598206 0.329830
44.944410 0.329576
45.310043 0.329272
45.694639 0.328958
46.097722 0.328640
46.518813 0.328328
46.957428 0.328023
47.413078 0.327840
47.885280 0.327574
48.373546 0.327330
48.877398 0.327047
49.396356 0.326735
49.929951 0.326423
50.477718 0.326109
51.039201 0.325802
51.613952 0.325452
52.201533 0.325154
52.801515 0.324867
53.413481 0.324558
54.037024 0.324325
54.671748 0.324103
55.317267 0.323720
55.973208 0.323377
56.639209 0.323004
57.314920 0.322758
58.000000 0.322523
58.694122 0.322412
59.396970 0.322280
60.108236 0.322088
60.827625 0.321934
61.554854 0.321725
62.289646 0.321474
63.031738 0.321322
63.780875 0.321158
64.536811 0.320966
65.299311 0.320797
66.068147 0.320599
66.843100 0.320452
67.623960 0.320319
68.410526 0.320204
69.202601 0.320121
70.000000 0.320083
70.802542 0.320063
71.610055 0.319968
72.422372 0.319889
73.239334 0.319711
74.060786 0.319654
74.886581 0.319583
75.716577 0.319544
43.000000 0.331019
43.011626 0.331038
43.046487 0.331046
43.104524 0.331025
43.185646 0.331018
43.289722 0.330906
43.416587 0.330811
43.566042 0.330713
43.737855 0.330572
43.931765 0.330389
44.147480 0.330205
44.384682 0.330126
44.643029 0.329923
44.922155 0.329699
45.221676 0.329495
45.541190 0.329228
45.880279 0.328971
46.238512 0.328735
46.615448 0.328462
47.010637 0.328092
47.423623 0.327794
47.853944 0.327551
48.301139 0.327362
48.764741 0.327102
49.244289 0.326830
49.739320 0.326587
50.249378 0.326252
50.774009 0.325964
51.312766 0.325714
51.865210 0.325415
52.430907 0.325035
53.009433 0.324824
53.600373 0.324475
54.203321 0.324215
54.817880 0.323992
55.443665 0.323768
56.080300 0.323397
56.727418 0.323125
57.384667 0.322761
58.051701 0.322526
58.728187 0.322284
59.413803 0.322156
60.108236 0.322084
60.811183 0.321900
61.522354 0.321686
62.241465 0.321528
62.968246 0.321303
63.702433 0.321105
64.443774 0.320913
65.192024 0.320742
65.946948 0.320569
66.708320 0.320407
67.475922 0.320332
68.249542 0.320166
69.028979 0.320063
69.814039 0.319978
70.604532 0.319915
71.400280 0.319864
72.201108 0.319784
73.006849 0.319733
73.817342 0.319589
74.632433 0.319482
75.451971 0.319432
76.275815 0.319384
44.000000 0.330368
44.011362 0.330363
44.045431 0.330396
44.102154 0.330373
44.181444 0.330360
44.283180 0.330256
44.407207 0.330120
44.553339 0.330060
44.721360 0.329937
44.911023 0.329782
45.122057 0.329570
45.354162 0.329509
45.607017 0.329310
45.880279 0.329121
46.173586 0.328881
46.486557 0.328601
46.818800 0.328408
47.169906 0.328224
47.539457 0.327903
47.927028 0.327580
48.332184 0.327330
48.754487 0.327102
49.193496 0.326857
49.648766 0.326646
50.119856 0.326417
50.606324 0.326137
51.107729 0.325845
51.623638 0.325552
52.153619 0.325268
52.697249 0.325031
53.254108 0.324776
53.823787 0.324461
54.405882 0.324183
55.000000 0.323903
55.605755 0.323607
56.222771 0.323396
56.850682 0.323069
57.489129 0.322808
58.137767 0.322584
58.796258 0.322275
59.464275 0.322075
60.141500 0.321900
60.827625 0.321780
61.522354 0.321601
62.225397 0.321468
62.936476 0.321329
63.655322 0.321167
64.381674 0.320921
65.115282 0.320731
65.855903 0.320490
66.603303 0.320361
67.357256 0.320226
68.117545 0.320131
68.883960 0.320022
69.656299 0.319932
70.434367 0.319888
71.217975 0.319761
72.006944 0.319645
72.801099 0.319601
73.600272 0.319560
74.404301 0.319410
75.213031 0.319306
76.026311 0.319297
76.843998 0.319309
45.000000 0.329744
45.011110 0.329759
45.044423 0.329718
45.099889 0.329680
45.177428 0.329650
45.276926 0.329585
45.398238 0.329501
45.541190 0.329391
45.705580 0.329281
45.891176 0.329127
46.097722 0.329023
46.324939 0.328925
46.572524 0.328751
46.840154 0.328583
47.127487 0.328340
47.434165 0.328081
47.759816 0.327853
48.104054 0.327684
48.466483 0.327405
48.846699 0.327088
49.244289 0.326824
49.658836 0.326610
50.089919 0.326453
50.537115 0.326261
51.000000 0.325991
51.478151 0.325748
51.971146 0.325492
52.478567 0.325218
53.000000 0.324932
53.535035 0.324675
54.083269 0.324417
54.644304 0.324168
55.217751 0.323868
55.803226 0.323608
56.400355 0.323374
57.008771 0.323119
57.628118 0.322825
58.258047 0.322580
58.898217 0.322381
59.548300 0.322190
60.207973 0.321923
60.876925 0.321735
61.554854 0.321548
62.241465 0.321395
62.936476 0.321233
63.639610 0.321107
64.350602 0.320947
65.069194 0.320754
65.795137 0.320559
66.528190 0.320381
67.268120 0.320203
68.014704 0.320106
68.767725 0.319999
69.526973 0.319866
70.292247 0.319825
71.063352 0.319688
71.840100 0.319555
72.622311 0.319479
73.409809 0.319389
74.202426 0.319362
75.000000 0.319261
75.802375 0.319237
76.609399 0.319160
77.420927 0.319121
46.000000 0.329184
46.010868 0.329212
46.043458 0.329152
46.097722 0.329065
46.173586 0.329075
46.270941 0.329010
46.389654 0.328877
46.529560 0.328830
46.690470 0.328756
46.872167 0.328652
47.074409 0.328508
47.296934 0.328322
47.539457 0.328144
47.801674 0.327976
48.083261 0.327787
48.383882 0.327570
48.703183 0.327340
49.040799 0.327178
49.396356 0.326936
49.769469 0.326719
50.159745 0.326471
50.566788 0.326263
50.990195 0.326075
51.429563 0.325852
51.884487 0.325542
52.354560 0.325307
52.839379 0.325121
53.338541 0.324853
53.851648 0.324589
54.378304 0.324324
54.918121 0.324102
55.470713 0.323797
56.035703 0.323549
56.612719 0.323363
57.201399 0.323157
57.801384 0.322854
58.412327 0.322639
59.033889 0.322393
59.665736 0.322187
60.307545 0.321952
60.959003 0.321672
61.619802 0.321514
62.289646 0.321271
62.968246 0.321147
63.655322 0.320976
64.350602 0.320891
65.053824 0.320721
65.764732 0.320536
66.483081 0.320385
67.208630 0.320215
67.941151 0.320071
68.680419 0.319967
69.426220 0.319898
70.178344 0.319705
70.936591 0.319610
71.700767 0.319499
72.470684 0.319405
73.246160 0.319367
74.027022 0.319272
74.813100 0.319230
75.604233 0.319145
76.400262 0.319087
77.201036 0.319024
78.006410 0.318948
47.000000 0.328664
47.010637 0.328716
47.042534 0.328669
47.095647 0.328601
47.169906 0.328538
47.265209 0.328447
47.381431 0.328342
47.518417 0.328310
47.675990 0.328206
47.853944 0.328043
48.052055 0.327893
48.270074 0.327760
48.507731 0.327571
48.764741 0.327430
49.040799 0.327321
49.335586 0.327168
49.648766 0.326969
49.979996 0.326755
50.328918 0.326611
50.695167 0.326407
51.078371 0.326198
51.478151 0.325924
51.894123 0.325719
52.325902 0.325465
52.773099 0.325185
53.235327 0.324951
53.712196 0.324789
54.203321 0.324493
54.708317 0.324218
55.226805 0.323953
55.758407 0.323682
56.302753 0.323490
56.859476 0.323282
57.428216 0.323152
58.008620 0.322922
58.600341 0.322624
59.203040 0.322425
59.816386 0.322207
60.440053 0.321941
61.073726 0.321683
61.717096 0.321439
62.369865 0.321279
63.031738 0.321119
63.702433 0.320947
64.381674 0.320804
65.069194 0.320692
65.764732 0.320461
66.468037 0.320314
67.178866 0.320156
67.896981 0.319997
68.622154 0.319896
69.354164 0.319800
70.092796 0.319700
70.837843 0.319588
71.589105 0.319486
72.346389 0.319361
73.109507 0.319271
73.878278 0.319201
74.652528 0.319103
75.432089 0.319011
76.216796 0.318954
77.006493 0.318919
77.801028 0.318882
78.600254 0.318856
48.000000 0.328199
48.010416 0.328173
48.041649 0.328156
48.093659 0.328094
48.166378 0.328044
48.259714 0.327909
48.373546 0.327857
48.507731 0.327789
48.662100 0.327617
48.836462 0.327489
49.030603 0.327364
49.244289 0.327242
49.477268 0.327081
49.729267 0.326919
50.000000 0.326872
50.289164 0.326736
50.596443 0.326511
50.921508 0.326346
51.264022 0.326257
51.623638 0.326051
52.000000 0.325816
52.392748 0.325563
52.801515 0.325386
53.225934 0.325144
53.665631 0.324885
54.120237 0.324639
54.589376 0.324383
55.072679 0.324089
55.569776 0.323848
56.080300 0.323592
56.603887 0.323340
57.140179 0.323145
57.688820 0.323019
58.249464 0.322847
58.821765 0.322673
59.405387 0.322401
60.000000 0.322184
60.605280 0.321937
61.220911 0.321700
61.846584 0.321442
62.481997 0.321270
63.126856 0.321095
63.780875 0.320949
64.443774 0.320805
65.115282 0.320691
65.795137 0.320508
66.483081 0.320300
67.178866 0.320118
67.882251 0.319997
68.593003 0.319862
69.310894 0.319741
70.035705 0.319666
70.767224 0.319532
71.505245 0.319443
72.249567 0.319382
73.000000 0.319275
73.756356 0.319209
74.518454 0.319108
75.286121 0.319008
76.059187 0.318979
76.837491 0.318832
77.620873 0.318845
78.409183 0.318844
79.202273 0.318797
49.000000 0.327738
49.010203 0.327676
49.040799 0.327657
49.091751 0.327571
49.162994 0.327537
49.254441 0.327419
49.365980 0.327325
49.497475 0.327288
49.648766 0.327160
49.819675 0.326981
50.009999 0.326846
50.219518 0.326784
50.447993 0.326666
50.695167 0.326542
50.960769 0.326405
51.244512 0.326270
51.546096 0.326137
51.865210 0.325985
52.201533 0.325855
52.554733 0.325668
52.924474 0.325470
53.310412 0.325300
53.712196 0.325059
54.129474 0.324841
54.561891 0.324594
55.009090 0.324379
55.470713 0.324057
55.946403 0.323750
56.435804 0.323554
56.938563 0.323339
57.454330 0.323101
57.982756 0.322941
58.523500 0.322747
59.076222 0.322591
59.640590 0.322425
60.216277 0.322205
60.802960 0.321989
61.400326 0.321707
62.008064 0.321506
62.625873 0.321274
63.253458 0.321103
63.890531 0.320907
64.536811 0.320786
65.192024 0.320673
65.855903 0.320450
66.528190 0.320296
67.208630 0.320189
67.896981 0.320016
68.593003 0.319856
69.296465 0.319761
70.007142 0.319674
70.724819 0.319580
71.449283 0.319468
72.180330 0.319370
72.917762 0.319288
73.661387 0.319224
74.411021 0.319111
75.166482 0.319058
75.927597 0.318979
76.694198 0.318908
77.466122 0.318865
78.243211 0.318835
79.025312 0.318772
79.812280 0.318771
50.000000 0.327317
50.009999 0.327266
50.039984 0.327233
50.089919 0.327201
50.159745 0.327170
50.249378 0.327082
50.358713 0.326975
50.487622 0.326902
50.635956 0.326754
50.803543 0.326617
50.990195 0.326495
51.195703 0.326445
51.419841 0.326312
51.662365 0.326197
51.923020 0.326040
52.201533 0.325932
52.497619 0.325829
52.810984 0.325671
53.141321 0.325475
53.488316 0.325309
53.851648 0.325161
54.230987 0.324975
54.626001 0.324757
55.036352 0.324530
55.461698 0.324286
55.901699 0.324024
56.356011 0.323763
56.824291 0.323496
57.306195 0.323334
57.801384 0.323177
58.309519 0.322923
58.830264 0.322736
59.363288 0.322541
59.908263 0.322378
60.464866 0.322218
61.032778 0.322021
61.611687 0.321779
62.201286 0.321527
62.801274 0.321348
63.411355 0.321136
64.031242 0.320954
64.660653 0.320773
65.299311 0.320603
65.946948 0.320481
66.603303 0.320310
67.268120 0.320130
67.941151 0.320036
68.622154 0.319871
69.310894 0.319723
70.007142 0.319637
70.710678 0.319551
71.421285 0.319475
72.138755 0.319325
72.862885 0.319240
73.593478 0.319162
74.330344 0.319111
75.073298 0.319046
75.822160 0.319012
76.576759 0.318929
77.336925 0.318836
78.102497 0.318815
78.873316 0.318806
79.649231 0.318767
80.430094 0.318697
51.000000 0.326911
51.009803 0.326924
51.039201 0.326849
51.088159 0.326809
51.156622 0.326830
51.244512 0.326753
51.351728 0.326652
51.478151 0.326553
51.623638 0.326355
51.788030 0.326211
51.971146 0.326069
52.172790 0.326046
52.392748 0.325950
52.630789 0.325828
52.886671 0.325696
53.160135 0.325599
53.450912 0.325457
53.758720 0.325327
54.083269 0.325248
54.424259 0.325103
54.781384 0.324895
55.154329 0.324683
55.542776 0.324471
55.946403 0.324276
56.364883 0.324024
56.797887 0.323769
57.245087 0.323499
57.706152 0.323228
58.180753 0.323104
58.668561 0.322940
59.169249 0.322831
59.682493 0.322608
60.207973 0.322434
60.745370 0.322205
61.294372 0.322022
61.854668 0.321810
62.425956 0.321595
63.007936 0.321360
63.600314 0.321165
64.202804 0.320959
64.815122 0.320771
65.436993 0.320592
66.068147 0.320461
66.708320 0.320356
67.357256 0.320214
68.014704 0.320017
68.680419 0.319847
69.354164 0.319710
70.035705 0.319538
70.724819 0.319384
71.421285 0.319348
72.124892 0.319368
72.835431 0.319190
73.552702 0.319108
74.276510 0.319019
75.006666 0.318951
75.742986 0.318954
76.485293 0.318992
77.233412 0.318954
77.987178 0.318790
78.746428 0.318711
79.511006 0.318710
80.280757 0.318644
81.055537 0.318648
52.000000 0.326479
52.009614 0.326509
52.038447 0.326427
52.086467 0.326404
52.153619 0.326458
52.239832 0.326385
52.345009 0.326316
52.469038 0.326224
52.611786 0.326036
52.773099 0.325869
52.952809 0.325713
53.150729 0.325671
53.366656 0.325634
53.600373 0.325511
53.851648 0.325425
54.120237 0.325267
54.405882 0.325170
54.708317 0.325033
55.027266 0.324961
55.362442 0.324870
55.713553 0.324598
56.080300 0.324416
56.462377 0.324151
56.859476 0.323941
57.271284 0.323716
57.697487 0.323512
58.137767 0.323284
58.591808 0.323092
59.059292 0.322957
59.539903 0.322768
60.033324 0.322666
60.539243 0.322434
61.057350 0.322218
61.587336 0.321990
62.128898 0.321814
62.681736 0.321603
63.245553 0.321422
63.820060 0.321208
64.404969 0.320994
65.000000 0.320772
65.604878 0.320611
66.219333 0.320431
66.843100 0.320272
67.475922 0.320154
68.117545 0.320120
68.767725 0.319865
69.426220 0.319708
70.092796 0.319521
70.767224 0.319393
71.449283 0.319306
72.138755 0.319246
72.835431 0.319240
73.539105 0.319165
74.249579 0.319108
74.966659 0.318944
75.690158 0.318833
76.419893 0.318839
77.155687 0.318858
77.897368 0.318874
78.644771 0.318811
79.397733 0.318696
80.156098 0.318655
80.919713 0.318583
81.688432 0.318619
53.000000 0.326107
53.009433 0.326159
53.037722 0.326057
53.084838 0.326033
53.150729 0.326027
53.235327 0.325954
53.338541 0.325966
53.460266 0.325860
53.600373 0.325747
53.758720 0.325554
53.935146 0.325475
54.129474 0.325367
54.341513 0.325349
54.571055 0.325231
54.817880 0.325098
55.081757 0.325066
55.362442 0.324908
55.659680 0.324800
55.973208 0.324711
56.302753 0.324577
56.648036 0.324332
57.008771 0.324107
57.384667 0.323900
57.775427 0.323712
58.180753 0.323507
58.600341 0.323269
59.033889 0.323080
59.481089 0.322927
59.941638 0.322769
60.415230 0.322585
60.901560 0.322440
61.400326 0.322218
61.911227 0.322007
62.433965 0.321788
62.968246 0.321610
63.513778 0.321422
64.070274 0.321222
64.637450 0.321050
65.215029 0.320855
65.802736 0.320679
66.400301 0.320445
67.007462 0.320347
67.623960 0.320141
68.249542 0.319974
68.883960 0.319901
69.526973 0.319694
70.178344 0.319507
70.837843 0.319357
71.505245 0.319241
72.180330 0.319179
72.862885 0.319078
73.552702 0.319047
74.249579 0.319010
74.953319 0.318950
75.663730 0.318869
76.380626 0.318762
77.103826 0.318727
77.833155 0.318736
78.568442 0.318744
79.309520 0.318706
80.056230 0.318614
80.808415 0.318547
81.565924 0.318574
82.328610 0.318592
54.000000 0.325771
54.009258 0.325823
54.037024 0.325790
54.083269 0.325765
54.147945 0.325700
54.230987 0.325639
54.332311 0.325575
54.451814 0.325498
54.589376 0.325474
54.744863 0.325344
54.918121 0.325259
55.108983 0.325158
55.317267 0.325105
55.542776 0.325035
55.785303 0.324928
56.044625 0.324823
56.320511 0.324754
56.612719 0.324635
56.920998 0.324444
57.245087 0.324330
57.584720 0.324131
57.939624 0.323898
58.309519 0.323650
58.694122 0.323411
59.093147 0.323215
59.506302 0.323018
59.933296 0.322899
60.373835 0.322745
60.827625 0.322567
61.294372 0.322415
61.773781 0.322257
62.265560 0.322037
62.769419 0.321806
63.285069 0.321653
63.812225 0.321466
64.350602 0.321317
64.899923 0.321094
65.459911 0.320871
66.030296 0.320680
66.610810 0.320492
67.201190 0.320289
67.801180 0.320193
68.410526 0.320017
69.028979 0.319889
69.656299 0.319762
70.292247 0.319512
70.936591 0.319343
71.589105 0.319250
72.249567 0.319104
72.917762 0.319039
73.593478 0.319011
74.276510 0.318973
74.966659 0.318908
75.663730 0.318839
76.367532 0.318761
77.077883 0.318581
77.794601 0.318616
78.517514 0.318648
79.246451 0.318593
79.981248 0.318597
80.721744 0.318536
81.467785 0.318536
82.219219 0.318549
82.975900 0.318544
55.000000 0.325501
55.009090 0.325554
55.036352 0.325472
55.081757 0.325402
55.145263 0.325358
55.226805 0.325364
55.326305 0.325316
55.443665 0.325294
55.578773 0.325207
55.731499 0.325121
55.901699 0.325056
56.089215 0.324918
56.293872 0.324898
56.515485 0.324782
56.753854 0.324710
57.008771 0.324629
57.280014 0.324522
57.567352 0.324464
57.870545 0.324259
58.189346 0.324120
58.523500 0.323883
58.872744 0.323681
59.236813 0.323492
59.615434 0.323228
60.008333 0.323054
60.415230 0.322874
60.835845 0.322666
61.269895 0.322565
61.717096 0.322410
62.177166 0.322232
62.649820 0.322072
63.134776 0.321933
63.631753 0.321692
64.140471 0.321578
64.660653 0.321359
65.192024 0.321197
65.734314 0.320998
66.287254 0.320733
66.850580 0.320553
67.424031 0.320370
68.007353 0.320233
68.600292 0.320119
69.202601 0.319989
69.814039 0.319879
70.434367 0.319630
71.063352 0.319399
71.700767 0.319269
72.346389 0.319150
73.000000 0.319038
73.661387 0.318999
74.330344 0.318875
75.006666 0.318842
75.690158 0.318804
76.380626 0.318762
77.077883 0.318663
77.781746 0.318553
78.492038 0.318542
79.208585 0.318511
79.931220 0.318488
80.659779 0.318514
81.394103 0.318495
82.134037 0.318493
82.879430 0.318489
83.630138 0.318496
56.000000 0.325245
56.008928 0.325225
56.035703 0.325229
56.080300 0.325161
56.142675 0.325098
56.222771 0.325064
56.320511 0.325061
56.435804 0.325063
56.568542 0.324979
56.718604 0.324901
56.885851 0.324839
57.070132 0.324776
57.271284 0.324672
57.489129 0.324595
57.723479 0.324521
57.974132 0.324407
58.240879 0.324327
58.523500 0.324240
58.821765 0.324124
59.135438 0.323916
59.464275 0.323693
59.808026 0.323517
60.166436 0.323370
60.539243 0.323119
60.926185 0.322901
61.326992 0.322730
61.741396 0.322517
62.169124 0.322426
62.609903 0.322290
63.063460 0.322100
63.529521 0.321965
64.007812 0.321742
64.498062 0.321549
65.000000 0.321379
65.513357 0.321253
66.037868 0.321040
66.573268 0.320909
67.119297 0.320649
67.675697 0.320468
68.242216 0.320331
68.818602 0.320182
69.404611 0.320053
70.000000 0.319901
70.604532 0.319747
71.217975 0.319517
71.840100 0.319327
72.470684 0.319245
73.109507 0.319158
73.756356 0.319053
74.411021 0.318906
75.073298 0.318747
75.742986 0.318722
76.419893 0.318719
77.103826 0.318609
77.794601 0.318570
78.492038 0.318490
79.195959 0.318456
79.906195 0.318504
80.622577 0.318482
81.344945 0.318397
82.073138 0.318463
82.807005 0.318423
83.546394 0.318384
84.291162 0.318429
57.000000 0.325093
57.008771 0.325056
57.035077 0.325036
57.078893 0.324965
57.140179 0.324891
57.218878 0.324875
57.314920 0.324836
57.428216 0.324793
57.558666 0.324755
57.706152 0.324739
57.870545 0.324664
58.051701 0.324620
58.249464 0.324446
58.463664 0.324379
58.694122 0.324306
58.940648 0.324223
59.203040 0.324160
59.481089 0.324027
59.774577 0.323901
60.083276 0.323769
60.406953 0.323595
60.745370 0.323465
61.098281 0.323300
61.465437 0.323071
61.846584 0.322831
62.241465 0.322617
62.649820 0.322421
63.071388 0.322265
63.505905 0.322140
63.953108 0.322000
64.412732 0.321819
64.884513 0.321612
65.368188 0.321415
65.863495 0.321252
66.370174 0.321150
66.887966 0.320963
67.416615 0.320784
67.955868 0.320579
68.505474 0.320387
69.065187 0.320237
69.634761 0.320090
70.213959 0.319991
70.802542 0.319860
71.400280 0.319694
72.006944 0.319510
72.622311 0.319383
73.246160 0.319244
73.878278 0.319167
74.518454 0.319068
75.166482 0.318862
75.822160 0.318742
76.485293 0.318698
77.155687 0.318648
77.833155 0.318556
78.517514 0.318509
79.208585 0.318419
79.906195 0.318446
80.610173 0.318440
81.320354 0.318442
82.036577 0.318419
82.758685 0.318366
83.486526 0.318345
84.219950 0.318321
84.958814 0.318312
58.000000 0.324889
58.008620 0.324920
58.034473 0.324840
58.077534 0.324779
58.137767 0.324728
58.215118 0.324671
58.309519 0.324707
58.420887 0.324670
58.549125 0.324604
58.694122 0.324551
58.855756 0.324479
59.033889 0.324443
59.228372 0.324310
59.439044 0.324205
59.665736 0.324113
59.908263 0.324089
60.166436 0.324016
60.440053 0.323896
60.728906 0.323782
61.032778 0.323700
61.351447 0.323519
61.684682 0.323382
62.032250 0.323244
62.393910 0.323001
62.769419 0.322782
63.158531 0.322540
63.560994 0.322409
63.976558 0.322180
64.404969 0.322027
64.845971 0.321857
65.299311 0.321682
65.764732 0.321504
66.241981 0.321371
66.730802 0.321207
67.230945 0.321116
67.742158 0.320916
68.264193 0.320711
68.796802 0.320552
69.339743 0.320393
69.892775 0.320205
70.455660 0.319979
71.028163 0.319852
71.610055 0.319722
72.201108 0.319631
72.801099 0.319481
73.409809 0.319372
74.027022 0.319246
74.652528 0.319154
75.286121 0.318971
75.927597 0.318829
76.576759 0.318690
77.233412 0.318633
77.897368 0.318619
78.568442 0.318519
79.246451 0.318429
79.931220 0.318415
80.622577 0.318397
81.320354 0.318401
82.024387 0.318390
82.734515 0.318365
83.450584 0.318300
84.172442 0.318296
84.899941 0.318263
85.632938 0.318221
59.000000 0.324718
59.008474 0.324749
59.033889 0.324802
59.076222 0.324715
59.135438 0.324650
59.211485 0.324563
59.304300 0.324519
59.413803 0.324471
59.539903 0.324466
59.682493 0.324420
59.841457 0.324363
60.016664 0.324302
60.207973 0.324230
60.415230 0.324146
60.638272 0.323993
60.876925 0.323968
61.131007 0.323899
61.400326 0.323805
61.684682 0.323763
61.983869 0.323625
62.297673 0.323409
62.625873 0.323222
62.968246 0.323124
63.324561 0.322931
63.694584 0.322642
64.078077 0.322489
64.474801 0.322312
64.884513 0.322114
65.306967 0.321859
65.741920 0.321695
66.189123 0.321577
66.648331 0.321438
67.119297 0.321288
67.601775 0.321099
68.095521 0.320999
68.600292 0.320888
69.115845 0.320696
69.641941 0.320549
70.178344 0.320407
70.724819 0.320218
71.281134 0.320013
71.847060 0.319835
72.422372 0.319696
73.006849 0.319635
73.600272 0.319468
74.202426 0.319353
74.813100 0.319190
75.432089 0.319070
76.059187 0.318930
76.694198 0.318780
77.336925 0.318728
77.987178 0.318639
78.644771 0.318571
79.309520 0.318523
79.981248 0.318393
80.659779 0.318339
81.344945 0.318369
82.036577 0.318389
82.734515 0.318404
83.438600 0.318301
84.148678 0.318235
84.864598 0.318238
85.586214 0.318194
86.313383 0.318164
60.000000 0.324602
60.008333 0.324648
60.033324 0.324729
60.074953 0.324659
60.133186 0.324601
60.207973 0.324488
60.299254 0.324406
60.406953 0.324327
60.530984 0.324404
60.671245 0.324310
60.827625 0.324225
61.000000 0.324215
61.188234 0.324115
61.392182 0.324027
61.611687 0.323927
61.846584 0.323886
62.096699 0.323818
62.361847 0.323727
62.641839 0.323656
62.936476 0.323474
63.245553 0.323307
63.568860 0.323099
63.906181 0.322976
64.257295 0.322804
64.621978 0.322548
65.000000 0.322370
65.391131 0.322209
65.795137 0.322020
66.211781 0.321747
66.640828 0.321571
67.082039 0.321521
67.535176 0.321365
68.000000 0.321176
68.476273 0.321002
68.963759 0.320908
69.462220 0.320795
69.971423 0.320687
70.491134 0.320534
71.021124 0.320403
71.561163 0.320243
72.111026 0.320059
72.670489 0.319814
73.239334 0.319685
73.817342 0.319559
74.404301 0.319468
75.000000 0.319382
75.604233 0.319201
76.216796 0.319045
76.837491 0.318858
77.466122 0.318782
78.102497 0.318678
78.746428 0.318622
79.397733 0.318560
80.056230 0.318522
80.721744 0.318352
81.394103 0.318354
82.073138 0.318373
82.758685 0.318377
83.450584 0.318320
84.148678 0.318267
84.852814 0.318241
85.562842 0.318190
86.278618 0.318138
87.000000 0.318128
61.000000 0.324556
61.008196 0.324618
61.032778 0.324565
61.073726 0.324568
61.131007 0.324507
61.204575 0.324419
61.294372 0.324339
61.400326 0.324285
61.522354 0.324274
61.660360 0.324253
61.814238 0.324210
61.983869 0.324155
62.169124 0.323999
62.369865 0.323883
62.585941 0.323832
62.817195 0.323765
63.063460 0.323707
63.324561 0.323642
63.600314 0.323545
63.890531 0.323414
64.195015 0.323234
64.513564 0.323042
64.845971 0.322874
65.192024 0.322727
65.551506 0.322522
65.924199 0.322331
66.309879 0.322186
66.708320 0.321961
67.119297 0.321717
67.542579 0.321544
67.977938 0.321462
68.425142 0.321324
68.883960 0.321074
69.354164 0.320925
69.835521 0.320838
70.327804 0.320729
70.830784 0.320671
71.344236 0.320557
71.867934 0.320411
72.401657 0.320211
72.945185 0.320005
73.498299 0.319789
74.060786 0.319653
74.632433 0.319519
75.213031 0.319476
75.802375 0.319346
76.400262 0.319212
77.006493 0.319068
77.620873 0.318891
78.243211 0.318787
78.873316 0.318700
79.511006 0.318591
80.156098 0.318494
80.808415 0.318456
81.467785 0.318373
82.134037 0.318394
82.807005 0.318364
83.486526 0.318358
84.172442 0.318262
84.864598 0.318224
85.562842 0.318217
86.267027 0.318172
86.977008 0.318120
87.692645 0.318095
62.000000 0.324517
62.008064 0.324582
62.032250 0.324506
62.072538 0.324428
62.128898 0.324396
62.201286 0.324347
62.289646 0.324290
62.393910 0.324282
62.513998 0.324243
62.649820 0.324221
62.801274 0.324133
62.968246 0.324103
63.150614 0.323948
63.348244 0.323831
63.560994 0.323777
63.788714 0.323698
64.031242 0.323701
64.288413 0.323565
64.560050 0.323432
64.845971 0.323317
65.145990 0.323096
65.459911 0.322924
65.787537 0.322805
66.128662 0.322664
66.483081 0.322477
66.850580 0.322304
67.230945 0.322133
67.623960 0.321905
68.029405 0.321745
68.447060 0.321559
68.876701 0.321403
69.318107 0.321303
69.771054 0.321085
70.235319 0.320911
70.710678 0.320835
71.196910 0.320732
71.693793 0.320619
72.201108 0.320530
72.718636 0.320410
73.246160 0.320194
73.783467 0.319984
74.330344 0.319862
74.886581 0.319675
75.451971 0.319546
76.026311 0.319430
76.609399 0.319274
77.201036 0.319158
77.801028 0.318996
78.409183 0.318841
79.025312 0.318736
79.649231 0.318672
80.280757 0.318575
80.919713 0.318483
81.565924 0.318443
82.219219 0.318377
82.879430 0.318384
83.546394 0.318302
84.219950 0.318293
84.899941 0.318236
85.586214 0.318229
86.278618 0.318193
86.977008 0.318205
87.681241 0.318154
88.391176 0.318078
63.000000 0.324485
63.007936 0.324517
63.031738 0.324511
63.071388 0.324408
63.126856 0.324366
63.198101 0.324331
63.285069 0.324289
63.387696 0.324273
63.505905 0.324246
63.639610 0.324215
63.788714 0.324121
63.953108 0.324060
64.132675 0.323922
64.327288 0.323846
64.536811 0.323806
64.761099 0.323752
65.000000 0.323638
65.253352 0.323515
65.520989 0.323361
65.802736 0.323243
66.098411 0.323002
66.407831 0.322859
66.730802 0.322754
67.067131 0.322583
67.416615 0.322462
67.779053 0.322337
68.154237 0.322141
68.541958 0.321928
68.942005 0.321786
69.354164 0.321627
69.778220 0.321398
70.213959 0.321251
70.661163 0.321111
71.119618 0.320950
71.589105 0.320825
72.069411 0.320715
72.560320 0.320607
73.061618 0.320476
73.573093 0.320335
74.094534 0.320179
74.625733 0.319972
75.166482 0.319819
75.716577 0.319662
76.275815 0.319560
76.843998 0.319416
77.420927 0.319265
78.006410 0.319100
78.600254 0.318947
79.202273 0.318815
79.812280 0.318741
80.430094 0.318640
81.055537 0.318576
81.688432 0.318519
82.328610 0.318468
82.975900 0.318447
83.630138 0.318395
84.291162 0.318293
84.958814 0.318247
85.632938 0.318149
86.313383 0.318166
87.000000 0.318194
87.692645 0.318203
88.391176 0.318130
89.095454 0.318067
