# Q=3
# T_LOOP=1000
# O_LOOP=10000
0.000000 0.994623
1.000000 0.686744
2.000000 0.575201
3.000000 0.519140
4.000000 0.484233
5.000000 0.459650
6.000000 0.441154
7.000000 0.426562
8.000000 0.414692
9.000000 0.404701
10.000000 0.396191
11.000000 0.388857
12.000000 0.382450
13.000000 0.376781
14.000000 0.371682
15.000000 0.367033
16.000000 0.362931
17.000000 0.359177
18.000000 0.355743
19.000000 0.352596
20.000000 0.349721
21.000000 0.347153
22.000000 0.344691
23.000000 0.342375
24.000000 0.340167
25.000000 0.338245
26.000000 0.336375
27.000000 0.334666
28.000000 0.333102
29.000000 0.331698
30.000000 0.330258
31.000000 0.328886
32.000000 0.327582
33.000000 0.326390
34.000000 0.325258
35.000000 0.324263
36.000000 0.323347
37.000000 0.322460
38.000000 0.321591
39.000000 0.320678
40.000000 0.319939
41.000000 0.319227
42.000000 0.318577
43.000000 0.317977
44.000000 0.317467
45.000000 0.316971
46.000000 0.316477
47.000000 0.316043
48.000000 0.315686
49.000000 0.315238
50.000000 0.314910
51.000000 0.314552
52.000000 0.314201
53.000000 0.313825
54.000000 0.313613
55.000000 0.313393
56.000000 0.313202
57.000000 0.313047
58.000000 0.312909
59.000000 0.312738
60.000000 0.312597
61.000000 0.312505
62.000000 0.312407
63.000000 0.312309
1.000000 0.686626
1.414214 0.615734
2.236068 0.554214
3.162278 0.510980
4.123106 0.480205
5.099020 0.457356
6.082763 0.439662
7.071068 0.425498
8.062258 0.413926
9.055385 0.404178
10.049876 0.395756
11.045361 0.388498
12.041595 0.382088
13.038405 0.376527
14.035669 0.371443
15.033296 0.366964
16.031220 0.362833
17.029386 0.359088
18.027756 0.355695
19.026298 0.352506
20.024984 0.349644
21.023796 0.347011
22.022716 0.344581
23.021729 0.342227
24.020824 0.340095
25.019992 0.338154
26.019224 0.336339
27.018512 0.334630
28.017851 0.333093
29.017236 0.331644
30.016662 0.330213
31.016125 0.328858
32.015621 0.327549
33.015148 0.326348
34.014703 0.325218
35.014283 0.324200
36.013886 0.323269
37.013511 0.322439
38.013156 0.321571
39.012818 0.320703
40.012498 0.319999
41.012193 0.319264
42.011903 0.318596
43.011626 0.317949
44.011362 0.317393
45.011110 0.316914
46.010868 0.316508
47.010637 0.316123
48.010416 0.315711
49.010203 0.315234
50.009999 0.314895
51.009803 0.314573
52.009614 0.314216
53.009433 0.313856
54.009258 0.313626
55.009090 0.313395
56.008928 0.313136
57.008771 0.313032
58.008620 0.312958
59.008474 0.312819
60.008333 0.312668
61.008196 0.312504
62.008064 0.312437
63.007936 0.312316
2.000000 0.575152
2.236068 0.554162
2.828427 0.523120
3.605551 0.494473
4.472136 0.470737
5.385165 0.451497
6.324555 0.435783
7.280110 0.422752
8.246211 0.411891
9.219544 0.402572
10.198039 0.394488
11.180340 0.387431
12.165525 0.381246
13.152946 0.375719
14.142136 0.370849
15.132746 0.366422
16.124515 0.362418
17.117243 0.358752
18.110770 0.355387
19.104973 0.352284
20.099751 0.349444
21.095023 0.346798
22.090722 0.344353
23.086793 0.342017
24.083189 0.339924
25.079872 0.337930
26.076810 0.336222
27.073973 0.334575
28.071338 0.332978
29.068884 0.331536
30.066593 0.330120
31.064449 0.328764
32.062439 0.327479
33.060551 0.326243
34.058773 0.325199
35.057096 0.324195
36.055513 0.323204
37.054015 0.322401
38.052595 0.321507
39.051248 0.320742
40.049969 0.319967
41.048752 0.319245
42.047592 0.318639
43.046487 0.317990
44.045431 0.317470
45.044423 0.316991
46.043458 0.316575
47.042534 0.316141
48.041649 0.315706
49.040799 0.315321
50.039984 0.314907
51.039201 0.314523
52.038447 0.314210
53.037722 0.313879
54.037024 0.313620
55.036352 0.313354
56.035703 0.313165
57.035077 0.313075
58.034473 0.312990
59.033889 0.312864
60.033324 0.312741
61.032778 0.312607
62.032250 0.312446
63.031738 0.312349
3.000000 0.519091
3.162278 0.510923
3.605551 0.494501
4.242641 0.476103
5.000000 0.458716
5.830952 0.443370
6.708204 0.430083
7.615773 0.418567
8.544004 0.408699
9.486833 0.400129
10.440307 0.392572
11.401754 0.385938
12.369317 0.379987
13.341664 0.374722
14.317821 0.369979
15.297059 0.365669
16.278821 0.361779
17.262677 0.358186
18.248288 0.354877
19.235384 0.351810
20.223748 0.349077
21.213203 0.346506
22.203603 0.344012
23.194827 0.341766
24.186773 0.339704
25.179357 0.337782
26.172505 0.335999
27.166155 0.334329
28.160256 0.332756
29.154759 0.331339
30.149627 0.329963
31.144823 0.328621
32.140317 0.327370
33.136083 0.326143
34.132096 0.325095
35.128336 0.324096
36.124784 0.323142
37.121422 0.322309
38.118237 0.321473
39.115214 0.320682
40.112342 0.319950
41.109610 0.319281
42.107007 0.318667
43.104524 0.318075
44.102154 0.317538
45.099889 0.317014
46.097722 0.316554
47.095647 0.316146
48.093659 0.315769
49.091751 0.315310
50.089919 0.314902
51.088159 0.314514
52.086467 0.314097
53.084838 0.313808
54.083269 0.313600
55.081757 0.313398
56.080300 0.313195
57.078893 0.313103
58.077534 0.312964
59.076222 0.312827
60.074953 0.312731
61.073726 0.312604
62.072538 0.312407
63.071388 0.312341
4.000000 0.484217
4.123106 0.480306
4.472136 0.470815
5.000000 0.458848
5.656854 0.446269
6.403124 0.434317
7.211103 0.423367
8.062258 0.413516
8.944272 0.404814
9.848858 0.397028
10.770330 0.390087
11.704700 0.383879
12.649111 0.378321
13.601471 0.373237
14.560220 0.368762
15.524175 0.364614
16.492423 0.360860
17.464249 0.357403
18.439089 0.354191
19.416488 0.351216
20.396078 0.348480
21.377558 0.346001
22.360680 0.343655
23.345235 0.341451
24.331050 0.339430
25.317978 0.337480
26.305893 0.335676
27.294688 0.333992
28.284271 0.332501
29.274562 0.331131
30.265492 0.329725
31.256999 0.328380
32.249031 0.327215
33.241540 0.326019
34.234486 0.325005
35.227830 0.324030
36.221541 0.323135
37.215588 0.322246
38.209946 0.321407
39.204592 0.320640
40.199502 0.320006
41.194660 0.319348
42.190046 0.318728
43.185646 0.318130
44.181444 0.317581
45.177428 0.317050
46.173586 0.316506
47.169906 0.316078
48.166378 0.315701
49.162994 0.315282
50.159745 0.314867
51.156622 0.314502
52.153619 0.314093
53.150729 0.313790
54.147945 0.313627
55.145263 0.313465
56.142675 0.313255
57.140179 0.313094
58.137767 0.312934
59.135438 0.312804
60.133186 0.312658
61.131007 0.312536
62.128898 0.312401
63.126856 0.312330
5.000000 0.459728
5.099020 0.457485
5.385165 0.451571
5.830952 0.443458
6.403124 0.434351
7.071068 0.425100
7.810250 0.416239
8.602325 0.407986
9.433981 0.400408
10.295630 0.393451
11.180340 0.387155
12.083046 0.381418
13.000000 0.376340
13.928388 0.371627
14.866069 0.367336
15.811388 0.363395
16.763055 0.359763
17.720045 0.356425
18.681542 0.353342
19.646883 0.350479
20.615528 0.347807
21.587033 0.345383
22.561028 0.343141
23.537205 0.340983
24.515301 0.339018
25.495098 0.337150
26.476405 0.335363
27.459060 0.333688
28.442925 0.332153
29.427878 0.330823
30.413813 0.329459
31.400637 0.328199
32.388269 0.327013
33.376639 0.325901
34.365681 0.324919
35.355339 0.323948
36.345564 0.323092
37.336309 0.322168
38.327536 0.321392
39.319207 0.320635
40.311289 0.319956
41.303753 0.319306
42.296572 0.318729
43.289722 0.318101
44.283180 0.317534
45.276926 0.316991
46.270941 0.316494
47.265209 0.316051
48.259714 0.315589
49.254441 0.315216
50.249378 0.314770
51.244512 0.314420
52.239832 0.314141
53.235327 0.313817
54.230987 0.313562
55.226805 0.313324
56.222771 0.313159
57.218878 0.313031
58.215118 0.312802
59.211485 0.312655
60.207973 0.312598
61.204575 0.312479
62.201286 0.312395
63.198101 0.312362
6.000000 0.441207
6.082763 0.439854
6.324555 0.435917
6.708204 0.430196
7.211103 0.423420
7.810250 0.416223
8.485281 0.409098
9.219544 0.402241
10.000000 0.395726
10.816654 0.389600
11.661904 0.383958
12.529964 0.378765
13.416408 0.374064
14.317821 0.369688
15.231546 0.365632
16.155494 0.361937
17.088007 0.358483
18.027756 0.355267
18.973666 0.352317
19.924859 0.349559
20.880613 0.346991
21.840330 0.344687
22.803509 0.342528
23.769729 0.340393
24.738634 0.338447
25.709920 0.336670
26.683328 0.334917
27.658633 0.333239
28.635642 0.331745
29.614186 0.330404
30.594117 0.329157
31.575307 0.327965
32.557641 0.326845
33.541020 0.325764
34.525353 0.324739
35.510562 0.323750
36.496575 0.322925
37.483330 0.322130
38.470768 0.321307
39.458839 0.320566
40.447497 0.319874
41.436699 0.319255
42.426407 0.318658
43.416587 0.318094
44.407207 0.317543
45.398238 0.316929
46.389654 0.316454
47.381431 0.316007
48.373546 0.315558
49.365980 0.315139
50.358713 0.314696
51.351728 0.314382
52.345009 0.314059
53.338541 0.313770
54.332311 0.313508
55.326305 0.313234
56.320511 0.313064
57.314920 0.312916
58.309519 0.312733
59.304300 0.312608
60.299254 0.312558
61.294372 0.312443
62.289646 0.312430
63.285069 0.312352
7.000000 0.426563
7.071068 0.425662
7.280110 0.422936
7.615773 0.418774
8.062258 0.413659
8.602325 0.408058
9.219544 0.402222
9.899495 0.396527
10.630146 0.390974
11.401754 0.385610
12.206556 0.380553
13.038405 0.375925
13.892444 0.371578
14.764823 0.367540
15.652476 0.363880
16.552945 0.360356
17.464249 0.357095
18.384776 0.354157
19.313208 0.351320
20.248457 0.348704
21.189620 0.346202
22.135944 0.343943
23.086793 0.341815
24.041631 0.339767
25.000000 0.337823
25.961510 0.336102
26.925824 0.334447
27.892651 0.332896
28.861739 0.331427
29.832868 0.330108
30.805844 0.328878
31.780497 0.327714
32.756679 0.326600
33.734256 0.325582
34.713110 0.324561
35.693137 0.323600
36.674242 0.322748
37.656341 0.321930
38.639358 0.321153
39.623226 0.320379
40.607881 0.319740
41.593269 0.319104
42.579338 0.318548
43.566042 0.317973
44.553339 0.317461
45.541190 0.316941
46.529560 0.316449
47.518417 0.315972
48.507731 0.315496
49.497475 0.315021
50.487622 0.314593
51.478151 0.314312
52.469038 0.313991
53.460266 0.313728
54.451814 0.313446
55.443665 0.313185
56.435804 0.313025
57.428216 0.312867
58.420887 0.312695
59.413803 0.312572
60.406953 0.312525
61.400326 0.312434
62.393910 0.312374
63.387696 0.312374
8.000000 0.414634
8.062258 0.413967
8.246211 0.412035
8.544004 0.408839
8.944272 0.404941
9.433981 0.400450
10.000000 0.395687
10.630146 0.390901
11.313708 0.386189
12.041595 0.381577
12.806248 0.377139
13.601471 0.372992
14.422205 0.369053
15.264338 0.365279
16.124515 0.361839
17.000000 0.358590
17.888544 0.355638
18.788294 0.352841
19.697716 0.350133
20.615528 0.347615
21.540659 0.345264
22.472205 0.343056
23.409400 0.341030
24.351591 0.339131
25.298221 0.337308
26.248809 0.335580
27.202941 0.334002
28.160256 0.332515
29.120440 0.331087
30.083218 0.329808
31.048349 0.328583
32.015621 0.327444
32.984845 0.326375
33.955854 0.325310
34.928498 0.324326
35.902646 0.323438
36.878178 0.322575
37.854986 0.321769
38.832976 0.321025
39.812058 0.320270
40.792156 0.319630
41.773197 0.318975
42.755117 0.318422
43.737855 0.317904
44.721360 0.317351
45.705580 0.316833
46.690470 0.316302
47.675990 0.315834
48.662100 0.315355
49.648766 0.314917
50.635956 0.314546
51.623638 0.314196
52.611786 0.313953
53.600373 0.313656
54.589376 0.313376
55.578773 0.313092
56.568542 0.312929
57.558666 0.312681
58.549125 0.312548
59.539903 0.312504
60.530984 0.312403
61.522354 0.312382
62.513998 0.312328
63.505905 0.312318
9.000000 0.404643
9.055385 0.404166
9.219544 0.402646
9.486833 0.400241
9.848858 0.397152
10.295630 0.393517
10.816654 0.389673
11.401754 0.385591
12.041595 0.381604
12.727922 0.377602
13.453624 0.373674
14.212670 0.369970
15.000000 0.366408
15.811388 0.363052
16.643317 0.359864
17.492856 0.356863
18.357560 0.354089
19.235384 0.351420
20.124612 0.348870
21.023796 0.346532
21.931712 0.344322
22.847319 0.342153
23.769729 0.340275
24.698178 0.338441
25.632011 0.336648
26.570661 0.335005
27.513633 0.333530
28.460499 0.332088
29.410882 0.330745
30.364453 0.329507
31.320920 0.328251
32.280025 0.327120
33.241540 0.326071
34.205263 0.325029
35.171011 0.324076
36.138622 0.323260
37.107951 0.322370
38.078866 0.321616
39.051248 0.320827
40.024992 0.320112
41.000000 0.319414
41.976184 0.318815
42.953463 0.318302
43.931765 0.317836
44.911023 0.317273
45.891176 0.316757
46.872167 0.316220
47.853944 0.315750
48.836462 0.315275
49.819675 0.314886
50.803543 0.314502
51.788030 0.314156
52.773099 0.313889
53.758720 0.313634
54.744863 0.313363
55.731499 0.313093
56.718604 0.312840
57.706152 0.312601
58.694122 0.312449
59.682493 0.312350
60.671245 0.312293
61.660360 0.312261
62.649820 0.312209
63.639610 0.312208
10.000000 0.396169
10.049876 0.395702
10.198039 0.394605
10.440307 0.392579
10.770330 0.390071
11.180340 0.387182
11.661904 0.384031
12.206556 0.380538
12.806248 0.377154
13.453624 0.373703
14.142136 0.370273
14.866069 0.366995
15.620499 0.363866
16.401219 0.360759
17.204651 0.357844
18.027756 0.355122
18.867962 0.352477
19.723083 0.349972
20.591260 0.347600
21.470911 0.345427
22.360680 0.343295
23.259407 0.341298
24.166092 0.339438
25.079872 0.337686
26.000000 0.335987
26.925824 0.334444
27.856777 0.333021
28.792360 0.331668
29.732137 0.330431
30.675723 0.329124
31.622777 0.327928
32.572995 0.326820
33.526109 0.325759
34.481879 0.324737
35.440090 0.323805
36.400549 0.323013
37.363083 0.322223
38.327536 0.321365
39.293765 0.320614
40.261644 0.319880
41.231056 0.319206
42.201896 0.318645
43.174066 0.318150
44.147480 0.317700
45.122057 0.317204
46.097722 0.316666
47.074409 0.316173
48.052055 0.315683
49.030603 0.315228
50.009999 0.314761
50.990195 0.314390
51.971146 0.314119
52.952809 0.313830
53.935146 0.313614
54.918121 0.313332
55.901699 0.313036
56.885851 0.312746
57.870545 0.312551
58.855756 0.312352
59.841457 0.312222
60.827625 0.312110
61.814238 0.312066
62.801274 0.312114
63.788714 0.312091
11.000000 0.388794
11.045361 0.388420
11.180340 0.387507
11.401754 0.385901
11.704700 0.383854
12.083046 0.381431
12.529964 0.378810
13.038405 0.375909
13.601471 0.372915
14.212670 0.369963
14.866069 0.367011
15.556349 0.364142
16.278821 0.361310
17.029386 0.358490
17.804494 0.355875
18.601075 0.353307
19.416488 0.350883
20.248457 0.348536
21.095023 0.346366
21.954498 0.344274
22.825424 0.342269
23.706539 0.340346
24.596748 0.338528
25.495098 0.336861
26.400758 0.335260
27.313001 0.333825
28.231188 0.332479
29.154759 0.331197
30.083218 0.329997
31.016125 0.328765
31.953091 0.327571
32.893768 0.326471
33.837849 0.325393
34.785054 0.324448
35.735137 0.323598
36.687873 0.322745
37.643060 0.321980
38.600518 0.321162
39.560081 0.320387
40.521599 0.319672
41.484937 0.318995
42.449971 0.318402
43.416587 0.317923
44.384682 0.317492
45.354162 0.317011
46.324939 0.316598
47.296934 0.316108
48.270074 0.315587
49.244289 0.315114
50.219518 0.314738
51.195703 0.314357
52.172790 0.314078
53.150729 0.313764
54.129474 0.313556
55.108983 0.313229
56.089215 0.312969
57.070132 0.312690
58.051701 0.312508
59.033889 0.312289
60.016664 0.312133
61.000000 0.312015
61.983869 0.311998
62.968246 0.312007
63.953108 0.311985
12.000000 0.382325
12.041595 0.382026
12.165525 0.381271
12.369317 0.379967
12.649111 0.378231
13.000000 0.376211
13.416408 0.374003
13.892444 0.371575
14.422205 0.369003
15.000000 0.366445
15.620499 0.363850
16.278821 0.361280
16.970563 0.358722
17.691806 0.356225
18.439089 0.353795
19.209373 0.351493
20.000000 0.349284
20.808652 0.347063
21.633308 0.345008
22.472205 0.343112
23.323808 0.341256
24.186773 0.339424
25.059928 0.337677
25.942244 0.336062
26.832816 0.334590
27.730849 0.333181
28.635642 0.331861
29.546573 0.330629
30.463092 0.329452
31.384710 0.328271
32.310989 0.327179
33.241540 0.326088
34.176015 0.325032
35.114100 0.324136
36.055513 0.323295
37.000000 0.322491
37.947332 0.321653
38.897301 0.320926
39.849718 0.320193
40.804412 0.319478
41.761226 0.318835
42.720019 0.318276
43.680659 0.317745
44.643029 0.317313
45.607017 0.316900
46.572524 0.316450
47.539457 0.316009
48.507731 0.315506
49.477268 0.315023
50.447993 0.314598
51.419841 0.314239
52.392748 0.313931
53.366656 0.313641
54.341513 0.313389
55.317267 0.313141
56.293872 0.312864
57.271284 0.312626
58.249464 0.312424
59.228372 0.312172
60.207973 0.312082
61.188234 0.311991
62.169124 0.311956
63.150614 0.311950
64.132675 0.311887
13.000000 0.376536
13.038405 0.376327
13.152946 0.375754
13.341664 0.374660
13.601471 0.373244
13.928388 0.371522
14.317821 0.369607
14.764823 0.367554
15.264338 0.365433
15.811388 0.363134
16.401219 0.360802
17.029386 0.358521
17.691806 0.356184
18.384776 0.353987
19.104973 0.351709
19.849433 0.349608
20.615528 0.347580
21.400935 0.345547
22.203603 0.343550
23.021729 0.341799
23.853721 0.340091
24.698178 0.338381
25.553865 0.336782
26.419690 0.335270
27.294688 0.333833
28.178006 0.332454
29.068884 0.331178
29.966648 0.330003
30.870698 0.328843
31.780497 0.327747
32.695565 0.326695
33.615473 0.325667
34.539832 0.324679
35.468296 0.323786
36.400549 0.322953
37.336309 0.322199
38.275318 0.321378
39.217343 0.320593
40.162171 0.319910
41.109610 0.319239
42.059482 0.318641
43.011626 0.318056
43.965896 0.317540
44.922155 0.317112
45.880279 0.316628
46.840154 0.316180
47.801674 0.315794
48.764741 0.315346
49.729267 0.314893
50.695167 0.314482
51.662365 0.314098
52.630789 0.313794
53.600373 0.313487
54.571055 0.313277
55.542776 0.313014
56.515485 0.312770
57.489129 0.312533
58.463664 0.312352
59.439044 0.312155
60.415230 0.312047
61.392182 0.311959
62.369865 0.311846
63.348244 0.311798
64.327288 0.311746
14.000000 0.371493
14.035669 0.371296
14.142136 0.370751
14.317821 0.369861
14.560220 0.368718
14.866069 0.367241
15.231546 0.365553
15.652476 0.363817
16.124515 0.361977
16.643317 0.359959
17.204651 0.357933
17.804494 0.355899
18.439089 0.353853
19.104973 0.351839
19.798990 0.349851
20.518285 0.347816
21.260292 0.345863
22.022716 0.343980
22.803509 0.342177
23.600847 0.340516
24.413111 0.338925
25.238859 0.337336
26.076810 0.335734
26.925824 0.334333
27.784888 0.332993
28.653098 0.331686
29.529646 0.330475
30.413813 0.329318
31.304952 0.328214
32.202484 0.327247
33.105891 0.326180
34.014703 0.325221
34.928498 0.324292
35.846897 0.323386
36.769553 0.322573
37.696154 0.321850
38.626416 0.321113
39.560081 0.320381
40.496913 0.319650
41.436699 0.319030
42.379240 0.318381
43.324358 0.317861
44.271887 0.317363
45.221676 0.316888
46.173586 0.316449
47.127487 0.315927
48.083261 0.315543
49.040799 0.315115
50.000000 0.314769
50.960769 0.314280
51.923020 0.313893
52.886671 0.313628
53.851648 0.313318
54.817880 0.313123
55.785303 0.312899
56.753854 0.312660
57.723479 0.312448
58.694122 0.312247
59.665736 0.312066
60.638272 0.311947
61.611687 0.311805
62.585941 0.311721
63.560994 0.311628
64.536811 0.311599
15.000000 0.366873
15.033296 0.366715
15.132746 0.366203
15.297059 0.365453
15.524175 0.364462
15.811388 0.363242
16.155494 0.361880
16.552945 0.360307
17.000000 0.358666
17.492856 0.356956
18.027756 0.355265
18.601075 0.353463
19.209373 0.351610
19.849433 0.349782
20.518285 0.347931
21.213203 0.346141
21.931712 0.344328
22.671568 0.342505
23.430749 0.340755
24.207437 0.339199
25.000000 0.337645
25.806976 0.336202
26.627054 0.334740
27.459060 0.333402
28.301943 0.332171
29.154759 0.330985
30.016662 0.329825
30.886890 0.328672
31.764760 0.327563
32.649655 0.326586
33.541020 0.325595
34.438351 0.324685
35.341194 0.323783
36.249138 0.322962
37.161808 0.322227
38.078866 0.321484
39.000000 0.320760
39.924930 0.320040
40.853396 0.319355
41.785165 0.318723
42.720019 0.318161
43.657760 0.317598
44.598206 0.317074
45.541190 0.316597
46.486557 0.316124
47.434165 0.315667
48.383882 0.315227
49.335586 0.314876
50.289164 0.314633
51.244512 0.314148
52.201533 0.313818
53.160135 0.313477
54.120237 0.313186
55.081757 0.312924
56.044625 0.312759
57.008771 0.312561
57.974132 0.312352
58.940648 0.312137
59.908263 0.311942
60.876925 0.311763
61.846584 0.311653
62.817195 0.311556
63.788714 0.311513
64.761099 0.311516
16.000000 0.362704
16.031220 0.362609
16.124515 0.362198
16.278821 0.361513
16.492423 0.360721
16.763055 0.359655
17.088007 0.358402
17.464249 0.357046
17.888544 0.355654
18.357560 0.354206
18.867962 0.352694
19.416488 0.351048
20.000000 0.349406
20.615528 0.347747
21.260292 0.346057
21.931712 0.344367
22.627417 0.342689
23.345235 0.341017
24.083189 0.339487
24.839485 0.338024
25.612497 0.336522
26.400758 0.335076
27.202941 0.333744
28.017851 0.332564
28.844410 0.331423
29.681644 0.330250
30.528675 0.329108
31.384710 0.327998
32.249031 0.326923
33.120990 0.325915
34.000000 0.325033
34.885527 0.324177
35.777088 0.323326
36.674242 0.322495
37.576588 0.321795
38.483763 0.321070
39.395431 0.320360
40.311289 0.319687
41.231056 0.319005
42.154478 0.318386
43.081318 0.317799
44.011362 0.317342
44.944410 0.316830
45.880279 0.316312
46.818800 0.315797
47.759816 0.315352
48.703183 0.315026
49.648766 0.314694
50.596443 0.314407
51.546096 0.313962
52.497619 0.313629
53.450912 0.313283
54.405882 0.313041
55.362442 0.312733
56.320511 0.312525
57.280014 0.312328
58.240879 0.312186
59.203040 0.312011
60.166436 0.311831
61.131007 0.311653
62.096699 0.311557
63.063460 0.311479
64.031242 0.311398
65.000000 0.311404
17.000000 0.358953
17.029386 0.358860
17.117243 0.358517
17.262677 0.357897
17.464249 0.357220
17.720045 0.356372
18.027756 0.355285
18.384776 0.354032
18.788294 0.352813
19.235384 0.351542
19.723083 0.350174
20.248457 0.348722
20.808652 0.347224
21.400935 0.345722
22.022716 0.344209
22.671568 0.342685
23.345235 0.341158
24.041631 0.339633
24.758837 0.338117
25.495098 0.336741
26.248809 0.335385
27.018512 0.334072
27.802878 0.332801
28.600699 0.331745
29.410882 0.330635
30.232433 0.329564
31.064449 0.328496
31.906112 0.327381
32.756679 0.326333
33.615473 0.325321
34.481879 0.324455
35.355339 0.323623
36.235342 0.322799
37.121422 0.322025
38.013156 0.321321
38.910153 0.320671
39.812058 0.319978
40.718546 0.319317
41.629317 0.318638
42.544095 0.318040
43.462628 0.317451
44.384682 0.316944
45.310043 0.316549
46.238512 0.315986
47.169906 0.315493
48.104054 0.315109
49.040799 0.314795
49.979996 0.314525
50.921508 0.314176
51.865210 0.313782
52.810984 0.313444
53.758720 0.313113
54.708317 0.312864
55.659680 0.312597
56.612719 0.312355
57.567352 0.312216
58.523500 0.312052
59.481089 0.311926
60.440053 0.311749
61.400326 0.311549
62.361847 0.311406
63.324561 0.311361
64.288413 0.311302
65.253352 0.311262
18.000000 0.355521
18.027756 0.355412
18.110770 0.355167
18.248288 0.354704
18.439089 0.354043
18.681542 0.353288
18.973666 0.352315
19.313208 0.351264
19.697716 0.350227
20.124612 0.349046
20.591260 0.347787
21.095023 0.346505
21.633308 0.345209
22.203603 0.343870
22.803509 0.342491
23.430749 0.341091
24.083189 0.339746
24.758837 0.338333
25.455844 0.336952
26.172505 0.335556
26.907248 0.334310
27.658633 0.333089
28.425341 0.331888
29.206164 0.330863
30.000000 0.329853
30.805844 0.328803
31.622777 0.327774
32.449961 0.326725
33.286634 0.325747
34.132096 0.324850
34.985711 0.323992
35.846897 0.323126
36.715120 0.322299
37.589892 0.321563
38.470768 0.320885
39.357337 0.320198
40.249224 0.319511
41.146081 0.318913
42.047592 0.318284
42.953463 0.317650
43.863424 0.317178
44.777226 0.316655
45.694639 0.316237
46.615448 0.315749
47.539457 0.315292
48.466483 0.314885
49.396356 0.314527
50.328918 0.314185
51.264022 0.313888
52.201533 0.313490
53.141321 0.313143
54.083269 0.312883
55.027266 0.312587
55.973208 0.312369
56.920998 0.312178
57.870545 0.312017
58.821765 0.311851
59.774577 0.311726
60.728906 0.311503
61.684682 0.311363
62.641839 0.311330
63.600314 0.311224
64.560050 0.311163
65.520989 0.311123
19.000000 0.352378
19.026298 0.352298
19.104973 0.352082
19.235384 0.351639
19.416488 0.351157
19.646883 0.350467
19.924859 0.349610
20.248457 0.348677
20.615528 0.347670
21.023796 0.346691
21.470911 0.345623
21.954498 0.344463
22.472205 0.343297
23.021729 0.342112
23.600847 0.340860
24.207437 0.339618
24.839485 0.338260
25.495098 0.336983
26.172505 0.335747
26.870058 0.334441
27.586228 0.333216
28.319605 0.332115
29.068884 0.331033
29.832868 0.329994
30.610456 0.329025
31.400637 0.328000
32.202484 0.327048
33.015148 0.326063
33.837849 0.325149
34.669872 0.324231
35.510562 0.323401
36.359318 0.322547
37.215588 0.321795
38.078866 0.321052
38.948684 0.320404
39.824616 0.319784
40.706265 0.319142
41.593269 0.318577
42.485292 0.317943
43.382024 0.317309
44.283180 0.316801
45.188494 0.316346
46.097722 0.315926
47.010637 0.315507
47.927028 0.315032
48.846699 0.314577
49.769469 0.314211
50.695167 0.313867
51.623638 0.313502
52.554733 0.313174
53.488316 0.312875
54.424259 0.312570
55.362442 0.312347
56.302753 0.312122
57.245087 0.311912
58.189346 0.311763
59.135438 0.311643
60.083276 0.311467
61.032778 0.311317
61.983869 0.311185
62.936476 0.311042
63.890531 0.310962
64.845971 0.310932
65.802736 0.310877
20.000000 0.349516
20.024984 0.349416
20.099751 0.349245
20.223748 0.348898
20.396078 0.348406
20.615528 0.347805
20.880613 0.347133
21.189620 0.346315
21.540659 0.345384
21.931712 0.344429
22.360680 0.343492
22.825424 0.342445
23.323808 0.341442
23.853721 0.340366
24.413111 0.339197
25.000000 0.338073
25.612497 0.336844
26.248809 0.335680
26.907248 0.334512
27.586228 0.333303
28.284271 0.332198
29.000000 0.331166
29.732137 0.330181
30.479501 0.329212
31.240999 0.328217
32.015621 0.327244
32.802439 0.326347
33.600595 0.325405
34.409301 0.324503
35.227830 0.323614
36.055513 0.322776
36.891733 0.322033
37.735925 0.321316
38.587563 0.320601
39.446166 0.319929
40.311289 0.319345
41.182521 0.318819
42.059482 0.318213
42.941821 0.317564
43.829214 0.316976
44.721360 0.316453
45.617979 0.315970
46.518813 0.315573
47.423623 0.315139
48.332184 0.314736
49.244289 0.314239
50.159745 0.313875
51.078371 0.313551
52.000000 0.313253
52.924474 0.312848
53.851648 0.312606
54.781384 0.312352
55.713553 0.312087
56.648036 0.311866
57.584720 0.311710
58.523500 0.311581
59.464275 0.311429
60.406953 0.311240
61.351447 0.311135
62.297673 0.310921
63.245553 0.310869
64.195015 0.310744
65.145990 0.310725
66.098411 0.310738
21.000000 0.346973
21.023796 0.346871
21.095023 0.346651
21.213203 0.346357
21.377558 0.345919
21.587033 0.345393
21.840330 0.344770
22.135944 0.344029
22.472205 0.343225
22.847319 0.342333
23.259407 0.341441
23.706539 0.340488
24.186773 0.339555
24.698178 0.338597
25.238859 0.337624
25.806976 0.336548
26.400758 0.335443
27.018512 0.334373
27.658633 0.333278
28.319605 0.332163
29.000000 0.331078
29.698485 0.330112
30.413813 0.329209
31.144823 0.328310
31.890437 0.327400
32.649655 0.326481
33.421550 0.325604
34.205263 0.324718
35.000000 0.323888
35.805028 0.323075
36.619667 0.322260
37.443290 0.321513
38.275318 0.320831
39.115214 0.320153
39.962482 0.319529
40.816663 0.318894
41.677332 0.318367
42.544095 0.317849
43.416587 0.317228
44.294469 0.316635
45.177428 0.316128
46.065171 0.315654
46.957428 0.315277
47.853944 0.314883
48.754487 0.314401
49.658836 0.313910
50.566788 0.313546
51.478151 0.313188
52.392748 0.312838
53.310412 0.312530
54.230987 0.312258
55.154329 0.311997
56.080300 0.311770
57.008771 0.311608
57.939624 0.311502
58.872744 0.311343
59.808026 0.311153
60.745370 0.311014
61.684682 0.310877
62.625873 0.310736
63.568860 0.310654
64.513564 0.310533
65.459911 0.310529
66.407831 0.310548
22.000000 0.344586
22.022716 0.344447
22.090722 0.344289
22.203603 0.343981
22.360680 0.343521
22.561028 0.343123
22.803509 0.342574
23.086793 0.341850
23.409400 0.341058
23.769729 0.340281
24.166092 0.339554
24.596748 0.338664
25.059928 0.337852
25.553865 0.336975
26.076810 0.336041
26.627054 0.335079
27.202941 0.334076
27.802878 0.333111
28.425341 0.332095
29.068884 0.331085
29.732137 0.330089
30.413813 0.329132
31.112698 0.328281
31.827661 0.327408
32.557641 0.326580
33.301652 0.325732
34.058773 0.324886
34.828150 0.324042
35.608988 0.323242
36.400549 0.322445
37.202150 0.321724
38.013156 0.321063
38.832976 0.320398
39.661064 0.319736
40.496913 0.319102
41.340053 0.318515
42.190046 0.317958
43.046487 0.317433
43.908997 0.316862
44.777226 0.316285
45.650849 0.315806
46.529560 0.315344
47.413078 0.314957
48.301139 0.314555
49.193496 0.314092
50.089919 0.313670
50.990195 0.313279
51.894123 0.312964
52.801515 0.312620
53.712196 0.312298
54.626001 0.311995
55.542776 0.311723
56.462377 0.311499
57.384667 0.311294
58.309519 0.311141
59.236813 0.311003
60.166436 0.310881
61.098281 0.310809
62.032250 0.310667
62.968246 0.310584
63.906181 0.310471
64.845971 0.310373
65.787537 0.310400
66.730802 0.310425
23.000000 0.342346
23.021729 0.342254
23.086793 0.342119
23.194827 0.341816
23.345235 0.341355
23.537205 0.340909
23.769729 0.340503
24.041631 0.339966
24.351591 0.339171
24.698178 0.338491
25.079872 0.337846
25.495098 0.337057
25.942244 0.336268
26.419690 0.335477
26.925824 0.334592
27.459060 0.333741
28.017851 0.332782
28.600699 0.331857
29.206164 0.330919
29.832868 0.330008
30.479501 0.329132
31.144823 0.328282
31.827661 0.327408
32.526912 0.326530
33.241540 0.325739
33.970576 0.324983
34.713110 0.324134
35.468296 0.323388
36.235342 0.322594
37.013511 0.321880
37.802116 0.321199
38.600518 0.320567
39.408121 0.319937
40.224371 0.319238
41.048752 0.318666
41.880783 0.318134
42.720019 0.317540
43.566042 0.317001
44.418465 0.316496
45.276926 0.315917
46.141088 0.315448
47.010637 0.314995
47.885280 0.314654
48.764741 0.314239
49.648766 0.313760
50.537115 0.313385
51.429563 0.313037
52.325902 0.312755
53.225934 0.312440
54.129474 0.312058
55.036352 0.311761
55.946403 0.311540
56.859476 0.311276
57.775427 0.311067
58.694122 0.310859
59.615434 0.310725
60.539243 0.310654
61.465437 0.310608
62.393910 0.310536
63.324561 0.310464
64.257295 0.310358
65.192024 0.310257
66.128662 0.310248
67.067131 0.310276
24.000000 0.340295
24.020824 0.340254
24.083189 0.340096
24.186773 0.339822
24.331050 0.339375
24.515301 0.339025
24.738634 0.338620
25.000000 0.338061
25.298221 0.337409
25.632011 0.336816
26.000000 0.336169
26.400758 0.335475
26.832816 0.334807
27.294688 0.334095
27.784888 0.333293
28.301943 0.332473
28.844410 0.331495
29.410882 0.330654
30.000000 0.329896
30.610456 0.329075
31.240999 0.328216
31.890437 0.327336
32.557641 0.326459
33.241540 0.325676
33.941125 0.324987
34.655447 0.324216
35.383612 0.323488
36.124784 0.322752
36.878178 0.322018
37.643060 0.321334
38.418745 0.320673
39.204592 0.320087
40.000000 0.319420
40.804412 0.318792
41.617304 0.318274
42.438190 0.317693
43.266615 0.317099
44.102154 0.316573
44.944410 0.316084
45.793013 0.315605
46.647615 0.315113
47.507894 0.314754
48.373546 0.314392
49.244289 0.313909
50.119856 0.313453
51.000000 0.313070
51.884487 0.312737
52.773099 0.312435
53.665631 0.312141
54.561891 0.311809
55.461698 0.311495
56.364883 0.311231
57.271284 0.310978
58.180753 0.310758
59.093147 0.310560
60.008333 0.310506
60.926185 0.310450
61.846584 0.310375
62.769419 0.310366
63.694584 0.310265
64.621978 0.310183
65.551506 0.310138
66.483081 0.310109
67.416615 0.310143
25.000000 0.338393
25.019992 0.338359
25.079872 0.338239
25.179357 0.337948
25.317978 0.337596
25.495098 0.337262
25.709920 0.336878
25.961510 0.336336
26.248809 0.335783
26.570661 0.335230
26.925824 0.334660
27.313001 0.334012
27.730849 0.333349
28.178006 0.332693
28.653098 0.331988
29.154759 0.331141
29.681644 0.330345
30.232433 0.329601
30.805844 0.328879
31.400637 0.328101
32.015621 0.327304
32.649655 0.326483
33.301652 0.325647
33.970576 0.324900
34.655447 0.324232
35.355339 0.323509
36.069378 0.322796
36.796739 0.322123
37.536649 0.321426
38.288379 0.320778
39.051248 0.320197
39.824616 0.319558
40.607881 0.318963
41.400483 0.318358
42.201896 0.317841
43.011626 0.317235
43.829214 0.316684
44.654227 0.316218
45.486262 0.315757
46.324939 0.315288
47.169906 0.314792
48.020829 0.314409
48.877398 0.314046
49.739320 0.313627
50.606324 0.313212
51.478151 0.312859
52.354560 0.312474
53.235327 0.312154
54.120237 0.311843
55.009090 0.311533
55.901699 0.311289
56.797887 0.311000
57.697487 0.310695
58.600341 0.310480
59.506302 0.310334
60.415230 0.310232
61.326992 0.310163
62.241465 0.310123
63.158531 0.310099
64.078077 0.310098
65.000000 0.310018
65.924199 0.309931
66.850580 0.309973
67.779053 0.310001
26.000000 0.336632
26.019224 0.336524
26.076810 0.336478
26.172505 0.336213
26.305893 0.335886
26.476405 0.335575
26.683328 0.335219
26.925824 0.334692
27.202941 0.334160
27.513633 0.333726
27.856777 0.333184
28.231188 0.332604
28.635642 0.331976
29.068884 0.331348
29.529646 0.330693
30.016662 0.329965
30.528675 0.329224
31.064449 0.328476
31.622777 0.327788
32.202484 0.327112
32.802439 0.326414
33.421550 0.325643
34.058773 0.324894
34.713110 0.324187
35.383612 0.323458
36.069378 0.322762
36.769553 0.322141
37.483330 0.321442
38.209946 0.320787
38.948684 0.320213
39.698866 0.319664
40.459857 0.319078
41.231056 0.318504
42.011903 0.317940
42.801869 0.317445
43.600459 0.316906
44.407207 0.316359
45.221676 0.315823
46.043458 0.315393
46.872167 0.315004
47.707442 0.314536
48.548944 0.314130
49.396356 0.313718
50.249378 0.313358
51.107729 0.312958
51.971146 0.312675
52.839379 0.312285
53.712196 0.311956
54.589376 0.311639
55.470713 0.311332
56.356011 0.311047
57.245087 0.310750
58.137767 0.310470
59.033889 0.310204
59.933296 0.310060
60.835845 0.309953
61.741396 0.309896
62.649820 0.309850
63.560994 0.309842
64.474801 0.309864
65.391131 0.309840
66.309879 0.309740
67.230945 0.309817
68.154237 0.309824
27.000000 0.335000
27.018512 0.334972
27.073973 0.334881
27.166155 0.334686
27.294688 0.334358
27.459060 0.334093
27.658633 0.333702
27.892651 0.333253
28.160256 0.332793
28.460499 0.332343
28.792360 0.331803
29.154759 0.331286
29.546573 0.330686
29.966648 0.330168
30.413813 0.329531
30.886890 0.328909
31.384710 0.328188
31.906112 0.327473
32.449961 0.326776
33.015148 0.326120
33.600595 0.325504
34.205263 0.324805
34.828150 0.324101
35.468296 0.323425
36.124784 0.322788
36.796739 0.322159
37.483330 0.321434
38.183766 0.320718
38.897301 0.320126
39.623226 0.319550
40.360872 0.319053
41.109610 0.318549
41.868843 0.318002
42.638011 0.317486
43.416587 0.316962
44.204072 0.316506
45.000000 0.315987
45.803930 0.315494
46.615448 0.315010
47.434165 0.314575
48.259714 0.314214
49.091751 0.313846
49.929951 0.313403
50.774009 0.313031
51.623638 0.312720
52.478567 0.312332
53.338541 0.312065
54.203321 0.311718
55.072679 0.311328
55.946403 0.311063
56.824291 0.310806
57.706152 0.310541
58.591808 0.310283
59.481089 0.310115
60.373835 0.309893
61.269895 0.309752
62.169124 0.309718
63.071388 0.309691
63.976558 0.309614
64.884513 0.309587
65.795137 0.309593
66.708320 0.309572
67.623960 0.309618
68.541958 0.309627
28.000000 0.333518
28.017851 0.333488
28.071338 0.333353
28.160256 0.333213
28.284271 0.332974
28.442925 0.332663
28.635642 0.332355
28.861739 0.331973
29.120440 0.331543
29.410882 0.331032
29.732137 0.330535
30.083218 0.330089
30.463092 0.329537
30.870698 0.328962
31.304952 0.328436
31.764760 0.327845
32.249031 0.327103
32.756679 0.326466
33.286634 0.325844
33.837849 0.325240
34.409301 0.324615
35.000000 0.323974
35.608988 0.323324
36.235342 0.322743
36.878178 0.322081
37.536649 0.321468
38.209946 0.320740
38.897301 0.320115
39.597980 0.319561
40.311289 0.319034
41.036569 0.318488
41.773197 0.317958
42.520583 0.317503
43.278170 0.317032
44.045431 0.316563
44.821870 0.316057
45.607017 0.315555
46.400431 0.315083
47.201695 0.314627
48.010416 0.314146
48.826222 0.313868
49.648766 0.313544
50.477718 0.313145
51.312766 0.312780
52.153619 0.312478
53.000000 0.312077
53.851648 0.311809
54.708317 0.311462
55.569776 0.311093
56.435804 0.310839
57.306195 0.310638
58.180753 0.310358
59.059292 0.310122
59.941638 0.309955
60.827625 0.309766
61.717096 0.309707
62.609903 0.309573
63.505905 0.309534
64.404969 0.309435
65.306967 0.309440
66.211781 0.309440
67.119297 0.309325
68.029405 0.309402
68.942005 0.309506
29.000000 0.332121
29.017236 0.332052
29.068884 0.331919
29.154759 0.331761
29.274562 0.331527
29.427878 0.331285
29.614186 0.331013
29.832868 0.330638
30.083218 0.330220
30.364453 0.329767
30.675723 0.329298
31.016125 0.328901
31.384710 0.328399
31.780497 0.327825
32.202484 0.327346
32.649655 0.326793
33.120990 0.326239
33.615473 0.325596
34.132096 0.324987
34.669872 0.324406
35.227830 0.323791
35.805028 0.323196
36.400549 0.322599
37.013511 0.322069
37.643060 0.321427
38.288379 0.320769
38.948684 0.320155
39.623226 0.319504
40.311289 0.318990
41.012193 0.318501
41.725292 0.317944
42.449971 0.317430
43.185646 0.316979
43.931765 0.316554
44.687806 0.316109
45.453273 0.315601
46.227697 0.315170
47.010637 0.314704
47.801674 0.314284
48.600412 0.313847
49.406477 0.313493
50.219518 0.313131
51.039201 0.312823
51.865210 0.312491
52.697249 0.312178
53.535035 0.311878
54.378304 0.311500
55.226805 0.311191
56.080300 0.310853
56.938563 0.310576
57.801384 0.310366
58.668561 0.310160
59.539903 0.309944
60.415230 0.309774
61.294372 0.309665
62.177166 0.309505
63.063460 0.309422
63.953108 0.309353
64.845971 0.309280
65.741920 0.309261
66.640828 0.309219
67.542579 0.309200
68.447060 0.309292
69.354164 0.309298
30.000000 0.330742
30.016662 0.330684
30.066593 0.330578
30.149627 0.330439
30.265492 0.330215
30.413813 0.330002
30.594117 0.329686
30.805844 0.329354
31.048349 0.328981
31.320920 0.328544
31.622777 0.328136
31.953091 0.327766
32.310989 0.327288
32.695565 0.326835
33.105891 0.326289
33.541020 0.325788
34.000000 0.325263
34.481879 0.324717
34.985711 0.324164
35.510562 0.323665
36.055513 0.323045
36.619667 0.322419
37.202150 0.321881
37.802116 0.321360
38.418745 0.320723
39.051248 0.320119
39.698866 0.319562
40.360872 0.318939
41.036569 0.318435
41.725292 0.317993
42.426407 0.317497
43.139309 0.316947
43.863424 0.316458
44.598206 0.316077
45.343136 0.315697
46.097722 0.315180
46.861498 0.314810
47.634021 0.314361
48.414874 0.313944
49.203658 0.313498
50.000000 0.313140
50.803543 0.312807
51.613952 0.312494
52.430907 0.312165
53.254108 0.311832
54.083269 0.311601
54.918121 0.311319
55.758407 0.310996
56.603887 0.310687
57.454330 0.310463
58.309519 0.310234
59.169249 0.310015
60.033324 0.309786
60.901560 0.309605
61.773781 0.309488
62.649820 0.309378
63.529521 0.309264
64.412732 0.309190
65.299311 0.309096
66.189123 0.309078
67.082039 0.309040
67.977938 0.309025
68.876701 0.309078
69.778220 0.309086
31.000000 0.329509
31.016125 0.329429
31.064449 0.329320
31.144823 0.329211
31.256999 0.328971
31.400637 0.328751
31.575307 0.328480
31.780497 0.328177
32.015621 0.327896
32.280025 0.327505
32.572995 0.327128
32.893768 0.326711
33.241540 0.326282
33.615473 0.325837
34.014703 0.325383
34.438351 0.324881
34.885527 0.324418
35.355339 0.323904
35.846897 0.323385
36.359318 0.322851
36.891733 0.322299
37.443290 0.321731
38.013156 0.321174
38.600518 0.320666
39.204592 0.320044
39.824616 0.319509
40.459857 0.318986
41.109610 0.318444
41.773197 0.318018
42.449971 0.317499
43.139309 0.317009
43.840620 0.316516
44.553339 0.316060
45.276926 0.315674
46.010868 0.315255
46.754679 0.314824
47.507894 0.314403
48.270074 0.313961
49.040799 0.313575
49.819675 0.313143
50.606324 0.312808
51.400389 0.312513
52.201533 0.312219
53.009433 0.311869
53.823787 0.311578
54.644304 0.311325
55.470713 0.311076
56.302753 0.310768
57.140179 0.310501
57.982756 0.310287
58.830264 0.310079
59.682493 0.309860
60.539243 0.309638
61.400326 0.309468
62.265560 0.309344
63.134776 0.309179
64.007812 0.309111
64.884513 0.309074
65.764732 0.308995
66.648331 0.308960
67.535176 0.308938
68.425142 0.308880
69.318107 0.308901
70.213959 0.308945
32.000000 0.328271
32.015621 0.328241
32.062439 0.328173
32.140317 0.328018
32.249031 0.327808
32.388269 0.327667
32.557641 0.327408
32.756679 0.327148
32.984845 0.326852
33.241540 0.326491
33.526109 0.326119
33.837849 0.325726
34.176015 0.325345
34.539832 0.324909
34.928498 0.324486
35.341194 0.324025
35.777088 0.323629
36.235342 0.323111
36.715120 0.322580
37.215588 0.322183
37.735925 0.321649
38.275318 0.321052
38.832976 0.320522
39.408121 0.320006
40.000000 0.319413
40.607881 0.318921
41.231056 0.318448
41.868843 0.317995
42.520583 0.317508
43.185646 0.317041
43.863424 0.316558
44.553339 0.316117
45.254834 0.315680
45.967380 0.315307
46.690470 0.314883
47.423623 0.314406
48.166378 0.314007
48.918299 0.313610
49.678969 0.313201
50.447993 0.312840
51.224994 0.312475
52.009614 0.312168
52.801515 0.311913
53.600373 0.311599
54.405882 0.311335
55.217751 0.311101
56.035703 0.310850
56.859476 0.310571
57.688820 0.310308
58.523500 0.310108
59.363288 0.309858
60.207973 0.309592
61.057350 0.309368
61.911227 0.309225
62.769419 0.309127
63.631753 0.309090
64.498062 0.308937
65.368188 0.308859
66.241981 0.308855
67.119297 0.308796
68.000000 0.308760
68.883960 0.308704
69.771054 0.308753
70.661163 0.308821
33.000000 0.327145
33.015148 0.327101
33.060551 0.327000
33.136083 0.326865
33.241540 0.326761
33.376639 0.326586
33.541020 0.326392
33.734256 0.326219
33.955854 0.325888
34.205263 0.325561
34.481879 0.325233
34.785054 0.324831
35.114100 0.324471
35.468296 0.324027
35.846897 0.323593
36.249138 0.323178
36.674242 0.322841
37.121422 0.322386
37.589892 0.321926
38.078866 0.321506
38.587563 0.320978
39.115214 0.320411
39.661064 0.319953
40.224371 0.319400
40.804412 0.318885
41.400483 0.318386
42.011903 0.317931
42.638011 0.317553
43.278170 0.317055
43.931765 0.316543
44.598206 0.316108
45.276926 0.315682
45.967380 0.315268
46.669048 0.314858
47.381431 0.314474
48.104054 0.314063
48.836462 0.313727
49.578221 0.313273
50.328918 0.312873
51.088159 0.312554
51.855569 0.312212
52.630789 0.311905
53.413481 0.311666
54.203321 0.311382
55.000000 0.311119
55.803226 0.310857
56.612719 0.310649
57.428216 0.310363
58.249464 0.310112
59.076222 0.309908
59.908263 0.309636
60.745370 0.309388
61.587336 0.309172
62.433965 0.309033
63.285069 0.308935
64.140471 0.308937
65.000000 0.308835
65.863495 0.308747
66.730802 0.308677
67.601775 0.308652
68.476273 0.308594
69.354164 0.308608
70.235319 0.308651
71.119618 0.308709
34.000000 0.326013
34.014703 0.325934
34.058773 0.325835
34.132096 0.325784
34.234486 0.325717
34.365681 0.325604
34.525353 0.325466
34.713110 0.325216
34.928498 0.324956
35.171011 0.324669
35.440090 0.324368
35.735137 0.324030
36.055513 0.323645
36.400549 0.323199
36.769553 0.322819
37.161808 0.322442
37.576588 0.322026
38.013156 0.321669
38.470768 0.321188
38.948684 0.320766
39.446166 0.320266
39.962482 0.319820
40.496913 0.319319
41.048752 0.318858
41.617304 0.318326
42.201896 0.317893
42.801869 0.317464
43.416587 0.317077
44.045431 0.316583
44.687806 0.316104
45.343136 0.315654
46.010868 0.315257
46.690470 0.314830
47.381431 0.314436
48.083261 0.314042
48.795492 0.313738
49.517674 0.313379
50.249378 0.312955
50.990195 0.312557
51.739733 0.312265
52.497619 0.311947
53.263496 0.311662
54.037024 0.311426
54.817880 0.311106
55.605755 0.310849
56.400355 0.310640
57.201399 0.310355
58.008620 0.310152
58.821765 0.309868
59.640590 0.309640
60.464866 0.309439
61.294372 0.309264
62.128898 0.309055
62.968246 0.308928
63.812225 0.308765
64.660653 0.308666
65.513357 0.308615
66.370174 0.308596
67.230945 0.308548
68.095521 0.308444
68.963759 0.308422
69.835521 0.308439
70.710678 0.308514
71.589105 0.308563
35.000000 0.325003
35.014283 0.324934
35.057096 0.324914
35.128336 0.324823
35.227830 0.324724
35.355339 0.324628
35.510562 0.324473
35.693137 0.324302
35.902646 0.324038
36.138622 0.323769
36.400549 0.323546
36.687873 0.323241
37.000000 0.322903
37.336309 0.322498
37.696154 0.322117
38.078866 0.321682
38.483763 0.321311
38.910153 0.321025
39.357337 0.320554
39.824616 0.320167
40.311289 0.319677
40.816663 0.319236
41.340053 0.318801
41.880783 0.318327
42.438190 0.317882
43.011626 0.317430
43.600459 0.317005
44.204072 0.316607
44.821870 0.316124
45.453273 0.315728
46.097722 0.315315
46.754679 0.314933
47.423623 0.314544
48.104054 0.314170
48.795492 0.313815
49.497475 0.313428
50.209561 0.313085
50.931326 0.312671
51.662365 0.312363
52.402290 0.312056
53.150729 0.311724
53.907328 0.311417
54.671748 0.311150
55.443665 0.310933
56.222771 0.310622
57.008771 0.310433
57.801384 0.310171
58.600341 0.309940
59.405387 0.309683
60.216277 0.309465
61.032778 0.309315
61.854668 0.309158
62.681736 0.308965
63.513778 0.308720
64.350602 0.308569
65.192024 0.308441
66.037868 0.308464
66.887966 0.308428
67.742158 0.308349
68.600292 0.308272
69.462220 0.308263
70.327804 0.308332
71.196910 0.308367
72.069411 0.308400
36.000000 0.324135
36.013886 0.324076
36.055513 0.323998
36.124784 0.323853
36.221541 0.323789
36.345564 0.323684
36.496575 0.323583
36.674242 0.323385
36.878178 0.323138
37.107951 0.322972
37.363083 0.322721
37.643060 0.322416
37.947332 0.322122
38.275318 0.321749
38.626416 0.321441
39.000000 0.321019
39.395431 0.320654
39.812058 0.320367
40.249224 0.319901
40.706265 0.319489
41.182521 0.319111
41.677332 0.318700
42.190046 0.318256
42.720019 0.317789
43.266615 0.317391
43.829214 0.316978
44.407207 0.316570
45.000000 0.316179
45.607017 0.315793
46.227697 0.315388
46.861498 0.314971
47.507894 0.314631
48.166378 0.314245
48.836462 0.313929
49.517674 0.313583
50.209561 0.313232
50.911688 0.312767
51.623638 0.312438
52.345009 0.312085
53.075418 0.311808
53.814496 0.311550
54.561891 0.311249
55.317267 0.310974
56.080300 0.310777
56.850682 0.310497
57.628118 0.310232
58.412327 0.310008
59.203040 0.309717
60.000000 0.309445
60.802960 0.309274
61.611687 0.309084
62.425956 0.308954
63.245553 0.308801
64.070274 0.308538
64.899923 0.308416
65.734314 0.308285
66.573268 0.308264
67.416615 0.308223
68.264193 0.308151
69.115845 0.308134
69.971423 0.308098
70.830784 0.308116
71.693793 0.308163
72.560320 0.308189
37.000000 0.323251
37.013511 0.323213
37.054015 0.323158
37.121422 0.323070
37.215588 0.322953
37.336309 0.322881
37.483330 0.322811
37.656341 0.322608
37.854986 0.322367
38.078866 0.322147
38.327536 0.321927
38.600518 0.321613
38.897301 0.321338
39.217343 0.321032
39.560081 0.320754
39.924930 0.320376
40.311289 0.319989
40.718546 0.319701
41.146081 0.319325
41.593269 0.318902
42.059482 0.318537
42.544095 0.318154
43.046487 0.317735
43.566042 0.317324
44.102154 0.316905
44.654227 0.316509
45.221676 0.316198
45.803930 0.315741
46.400431 0.315379
47.010637 0.315014
47.634021 0.314679
48.270074 0.314312
48.918299 0.313963
49.578221 0.313609
50.249378 0.313345
50.931326 0.312989
51.623638 0.312538
52.325902 0.312197
53.037722 0.311851
53.758720 0.311572
54.488531 0.311290
55.226805 0.310990
55.973208 0.310767
56.727418 0.310562
57.489129 0.310256
58.258047 0.310066
59.033889 0.309845
59.816386 0.309523
60.605280 0.309287
61.400326 0.309094
62.201286 0.308892
63.007936 0.308748
63.820060 0.308553
64.637450 0.308372
65.459911 0.308219
66.287254 0.308165
67.119297 0.308105
67.955868 0.308012
68.796802 0.307953
69.641941 0.307942
70.491134 0.307898
71.344236 0.307930
72.201108 0.307976
73.061618 0.308015
38.000000 0.322375
38.013156 0.322432
38.052595 0.322410
38.118237 0.322290
38.209946 0.322155
38.327536 0.322083
38.470768 0.321974
38.639358 0.321852
38.832976 0.321595
39.051248 0.321368
39.293765 0.321111
39.560081 0.320889
39.849718 0.320660
40.162171 0.320340
40.496913 0.320043
40.853396 0.319692
41.231056 0.319321
41.629317 0.319071
42.047592 0.318803
42.485292 0.318368
42.941821 0.318004
43.416587 0.317630
43.908997 0.317262
44.418465 0.316850
44.944410 0.316465
45.486262 0.316164
46.043458 0.315838
46.615448 0.315409
47.201695 0.315043
47.801674 0.314727
48.414874 0.314341
49.040799 0.314016
49.678969 0.313700
50.328918 0.313365
50.990195 0.313107
51.662365 0.312780
52.345009 0.312320
53.037722 0.311977
53.740115 0.311633
54.451814 0.311307
55.172457 0.311042
55.901699 0.310760
56.639209 0.310536
57.384667 0.310285
58.137767 0.310013
58.898217 0.309762
59.665736 0.309585
60.440053 0.309344
61.220911 0.309104
62.008064 0.308942
62.801274 0.308779
63.600314 0.308568
64.404969 0.308399
65.215029 0.308249
66.030296 0.308087
66.850580 0.307999
67.675697 0.307901
68.505474 0.307861
69.339743 0.307787
70.178344 0.307725
71.021124 0.307716
71.867934 0.307781
72.718636 0.307760
73.573093 0.307815
39.000000 0.321630
39.012818 0.321660
39.051248 0.321677
39.115214 0.321546
39.204592 0.321381
39.319207 0.321274
39.458839 0.321244
39.623226 0.321078
39.812058 0.320886
40.024992 0.320622
40.261644 0.320340
40.521599 0.320137
40.804412 0.319951
41.109610 0.319652
41.436699 0.319352
41.785165 0.319055
42.154478 0.318734
42.544095 0.318438
42.953463 0.318130
43.382024 0.317812
43.829214 0.317502
44.294469 0.317190
44.777226 0.316787
45.276926 0.316445
45.793013 0.316104
46.324939 0.315805
46.872167 0.315439
47.434165 0.315042
48.010416 0.314701
48.600412 0.314400
49.203658 0.314047
49.819675 0.313744
50.447993 0.313441
51.088159 0.313154
51.739733 0.312868
52.402290 0.312517
53.075418 0.312132
53.758720 0.311777
54.451814 0.311462
55.154329 0.311172
55.865911 0.310869
56.586217 0.310648
57.314920 0.310317
58.051701 0.310041
58.796258 0.309765
59.548300 0.309470
60.307545 0.309265
61.073726 0.309119
61.846584 0.308941
62.625873 0.308765
63.411355 0.308567
64.202804 0.308379
65.000000 0.308210
65.802736 0.308038
66.610810 0.307882
67.424031 0.307787
68.242216 0.307741
69.065187 0.307691
69.892775 0.307667
70.724819 0.307604
71.561163 0.307605
72.401657 0.307642
73.246160 0.307647
74.094534 0.307641
40.000000 0.320852
40.012498 0.320900
40.049969 0.320859
40.112342 0.320793
40.199502 0.320686
40.311289 0.320566
40.447497 0.320464
40.607881 0.320313
40.792156 0.320141
41.000000 0.319882
41.231056 0.319614
41.484937 0.319422
41.761226 0.319217
42.059482 0.318961
42.379240 0.318703
42.720019 0.318376
43.081318 0.318045
43.462628 0.317808
43.863424 0.317575
44.283180 0.317302
44.721360 0.316995
45.177428 0.316742
45.650849 0.316438
46.141088 0.316107
46.647615 0.315760
47.169906 0.315412
47.707442 0.315073
48.259714 0.314694
48.826222 0.314451
49.406477 0.314140
50.000000 0.313802
50.606324 0.313450
51.224994 0.313209
51.855569 0.312957
52.497619 0.312678
53.150729 0.312397
53.814496 0.311973
54.488531 0.311616
55.172457 0.311313
55.865911 0.311064
56.568542 0.310757
57.280014 0.310427
58.000000 0.310097
58.728187 0.309817
59.464275 0.309561
60.207973 0.309301
60.959003 0.309035
61.717096 0.308868
62.481997 0.308683
63.253458 0.308568
64.031242 0.308459
64.815122 0.308217
65.604878 0.308079
66.400301 0.307914
67.201190 0.307742
68.007353 0.307693
68.818602 0.307705
69.634761 0.307631
70.455660 0.307585
71.281134 0.307519
72.111026 0.307503
72.945185 0.307573
73.783467 0.307546
74.625733 0.307570
41.000000 0.320115
41.012193 0.320119
41.048752 0.320107
41.109610 0.320061
41.194660 0.320000
41.303753 0.319885
41.436699 0.319759
41.593269 0.319646
41.773197 0.319443
41.976184 0.319219
42.201896 0.318963
42.449971 0.318759
42.720019 0.318465
43.011626 0.318232
43.324358 0.318054
43.657760 0.317767
44.011362 0.317471
44.384682 0.317295
44.777226 0.317007
45.188494 0.316776
45.617979 0.316563
46.065171 0.316349
46.529560 0.315990
47.010637 0.315666
47.507894 0.315316
48.020829 0.314982
48.548944 0.314690
49.091751 0.314392
49.648766 0.314142
50.219518 0.313831
50.803543 0.313441
51.400389 0.313135
52.009614 0.312899
52.630789 0.312662
53.263496 0.312410
53.907328 0.312086
54.561891 0.311707
55.226805 0.311382
55.901699 0.311127
56.586217 0.310834
57.280014 0.310581
57.982756 0.310224
58.694122 0.309856
59.413803 0.309527
60.141500 0.309319
60.876925 0.309070
61.619802 0.308849
62.369865 0.308603
63.126856 0.308450
63.890531 0.308323
64.660653 0.308248
65.436993 0.308052
66.219333 0.307899
67.007462 0.307770
67.801180 0.307630
68.600292 0.307569
69.404611 0.307553
70.213959 0.307483
71.028163 0.307466
71.847060 0.307417
72.670489 0.307446
73.498299 0.307474
74.330344 0.307451
75.166482 0.307494
42.000000 0.319453
42.011903 0.319388
42.047592 0.319414
42.107007 0.319413
42.190046 0.319325
42.296572 0.319239
42.426407 0.319124
42.579338 0.318985
42.755117 0.318827
42.953463 0.318530
43.174066 0.318337
43.416587 0.318144
43.680659 0.317845
43.965896 0.317658
44.271887 0.317492
44.598206 0.317272
44.944410 0.317047
45.310043 0.316853
45.694639 0.316526
46.097722 0.316316
46.518813 0.316168
46.957428 0.315957
47.413078 0.315605
47.885280 0.315259
48.373546 0.314915
48.877398 0.314633
49.396356 0.314327
49.929951 0.314022
50.477718 0.313826
51.039201 0.313530
51.613952 0.313165
52.201533 0.312845
52.801515 0.312583
53.413481 0.312330
54.037024 0.312064
54.671748 0.311812
55.317267 0.311506
55.973208 0.311213
56.639209 0.310942
57.314920 0.310666
58.000000 0.310403
58.694122 0.310018
59.396970 0.309733
60.108236 0.309396
60.827625 0.309098
61.554854 0.308827
62.289646 0.308643
63.031738 0.308430
63.780875 0.308235
64.536811 0.308092
65.299311 0.308059
66.068147 0.307918
66.843100 0.307697
67.623960 0.307621
68.410526 0.307528
69.202601 0.307459
70.000000 0.307474
70.802542 0.307388
71.610055 0.307381
72.422372 0.307354
73.239334 0.307391
74.060786 0.307446
74.886581 0.307467
75.716577 0.307462
43.000000 0.318845
43.011626 0.318752
43.046487 0.318806
43.104524 0.318773
43.185646 0.318718
43.289722 0.318624
43.416587 0.318489
43.566042 0.318366
43.737855 0.318244
43.931765 0.317975
44.147480 0.317690
44.384682 0.317527
44.643029 0.317314
44.922155 0.317098
45.221676 0.316936
45.541190 0.316819
45.880279 0.316641
46.238512 0.316427
46.615448 0.316162
47.010637 0.315914
47.423623 0.315800
47.853944 0.315574
48.301139 0.315323
48.764741 0.314922
49.244289 0.314539
49.739320 0.314284
50.249378 0.314027
50.774009 0.313652
51.312766 0.313480
51.865210 0.313164
52.430907 0.312809
53.009433 0.312553
53.600373 0.312286
54.203321 0.312035
54.817880 0.311762
55.443665 0.311537
56.080300 0.311243
56.727418 0.311039
57.384667 0.310787
58.051701 0.310510
58.728187 0.310243
59.413803 0.309878
60.108236 0.309525
60.811183 0.309183
61.522354 0.308888
62.241465 0.308625
62.968246 0.308436
63.702433 0.308257
64.443774 0.308114
65.192024 0.308018
65.946948 0.307915
66.708320 0.307829
67.475922 0.307620
68.249542 0.307553
69.028979 0.307448
69.814039 0.307404
70.604532 0.307377
71.400280 0.307322
72.201108 0.307293
73.006849 0.307309
73.817342 0.307359
74.632433 0.307349
75.451971 0.307432
76.275815 0.307403
44.000000 0.318249
44.011362 0.318251
44.045431 0.318244
44.102154 0.318254
44.181444 0.318150
44.283180 0.318019
44.407207 0.317988
44.553339 0.317878
44.721360 0.317710
44.911023 0.317446
45.122057 0.317208
45.354162 0.317028
45.607017 0.316817
45.880279 0.316577
46.173586 0.316432
46.486557 0.316322
46.818800 0.316134
47.169906 0.315928
47.539457 0.315783
47.927028 0.315549
48.332184 0.315347
48.754487 0.315102
49.193496 0.314830
49.648766 0.314524
50.119856 0.314210
50.606324 0.314007
51.107729 0.313704
51.623638 0.313429
52.153619 0.313099
52.697249 0.312827
53.254108 0.312558
53.823787 0.312262
54.405882 0.312028
55.000000 0.311696
55.605755 0.311471
56.222771 0.311231
56.850682 0.310930
57.489129 0.310686
58.137767 0.310454
58.796258 0.310202
59.464275 0.309988
60.141500 0.309649
60.827625 0.309366
61.522354 0.309079
62.225397 0.308774
62.936476 0.308525
63.655322 0.308348
64.381674 0.308178
65.115282 0.307982
65.855903 0.307916
66.603303 0.307786
67.357256 0.307676
68.117545 0.307549
68.883960 0.307416
69.656299 0.307341
70.434367 0.307303
71.217975 0.307230
72.006944 0.307269
72.801099 0.307299
73.600272 0.307283
74.404301 0.307313
75.213031 0.307308
76.026311 0.307325
76.843998 0.307365
45.000000 0.317728
45.011110 0.317765
45.044423 0.317725
45.099889 0.317741
45.177428 0.317691
45.276926 0.317532
45.398238 0.317471
45.541190 0.317272
45.705580 0.317179
45.891176 0.316912
46.097722 0.316711
46.324939 0.316603
46.572524 0.316351
46.840154 0.316108
47.127487 0.315965
47.434165 0.315799
47.759816 0.315686
48.104054 0.315538
48.466483 0.315347
48.846699 0.315181
49.244289 0.314990
49.658836 0.314708
50.089919 0.314485
50.537115 0.314181
51.000000 0.313865
51.478151 0.313583
51.971146 0.313377
52.478567 0.313109
53.000000 0.312732
53.535035 0.312486
54.083269 0.312199
54.644304 0.311954
55.217751 0.311708
55.803226 0.311405
56.400355 0.311168
57.008771 0.310865
57.628118 0.310635
58.258047 0.310372
58.898217 0.310137
59.548300 0.309980
60.207973 0.309703
60.876925 0.309425
61.554854 0.309167
62.241465 0.308923
62.936476 0.308594
63.639610 0.308424
64.350602 0.308233
65.069194 0.308138
65.795137 0.307938
66.528190 0.307819
67.268120 0.307724
68.014704 0.307612
68.767725 0.307467
69.526973 0.307309
70.292247 0.307273
71.063352 0.307230
71.840100 0.307185
72.622311 0.307166
73.409809 0.307135
74.202426 0.307122
75.000000 0.307093
75.802375 0.307151
76.609399 0.307170
77.420927 0.307179
46.000000 0.317189
46.010868 0.317233
46.043458 0.317199
46.097722 0.317212
46.173586 0.317150
46.270941 0.317041
46.389654 0.316946
46.529560 0.316780
46.690470 0.316705
46.872167 0.316529
47.074409 0.316287
47.296934 0.316079
47.539457 0.315923
47.801674 0.315712
48.083261 0.315541
48.383882 0.315424
48.703183 0.315305
49.040799 0.315139
49.396356 0.314999
49.769469 0.314753
50.159745 0.314540
50.566788 0.314302
50.990195 0.314067
51.429563 0.313848
51.884487 0.313559
52.354560 0.313292
52.839379 0.313070
53.338541 0.312819
53.851648 0.312532
54.378304 0.312240
54.918121 0.311932
55.470713 0.311693
56.035703 0.311387
56.612719 0.311126
57.201399 0.310822
57.801384 0.310607
58.412327 0.310373
59.033889 0.310108
59.665736 0.309875
60.307545 0.309660
60.959003 0.309429
61.619802 0.309162
62.289646 0.308951
62.968246 0.308708
63.655322 0.308468
64.350602 0.308295
65.053824 0.308071
65.764732 0.307985
66.483081 0.307843
67.208630 0.307703
67.941151 0.307665
68.680419 0.307492
69.426220 0.307329
70.178344 0.307175
70.936591 0.307168
71.700767 0.307110
72.470684 0.307121
73.246160 0.307068
74.027022 0.306968
74.813100 0.306952
75.604233 0.306953
76.400262 0.307042
77.201036 0.307073
78.006410 0.307038
47.000000 0.316689
47.010637 0.316701
47.042534 0.316694
47.095647 0.316650
47.169906 0.316597
47.265209 0.316556
47.381431 0.316470
47.518417 0.316360
47.675990 0.316315
47.853944 0.316138
48.052055 0.315968
48.270074 0.315754
48.507731 0.315575
48.764741 0.315364
49.040799 0.315176
49.335586 0.315009
49.648766 0.314857
49.979996 0.314724
50.328918 0.314597
50.695167 0.314402
51.078371 0.314233
51.478151 0.314029
51.894123 0.313757
52.325902 0.313517
52.773099 0.313278
53.235327 0.313001
53.712196 0.312769
54.203321 0.312447
54.708317 0.312160
55.226805 0.311920
55.758407 0.311697
56.302753 0.311442
56.859476 0.311160
57.428216 0.310823
58.008620 0.310540
58.600341 0.310368
59.203040 0.310102
59.816386 0.309907
60.440053 0.309614
61.073726 0.309388
61.717096 0.309188
62.369865 0.308922
63.031738 0.308731
63.702433 0.308500
64.381674 0.308340
65.069194 0.308112
65.764732 0.307920
66.468037 0.307790
67.178866 0.307672
67.896981 0.307537
68.622154 0.307442
69.354164 0.307335
70.092796 0.307235
70.837843 0.307121
71.589105 0.307081
72.346389 0.306999
73.109507 0.306939
73.878278 0.306882
74.652528 0.306792
75.432089 0.306826
76.216796 0.306841
77.006493 0.306890
77.801028 0.306857
78.600254 0.306853
48.000000 0.316299
48.010416 0.316258
48.041649 0.316259
48.093659 0.316228
48.166378 0.316175
48.259714 0.316109
48.373546 0.316021
48.507731 0.315965
48.662100 0.315909
48.836462 0.315719
49.030603 0.315602
49.244289 0.315417
49.477268 0.315221
49.729267 0.314977
50.000000 0.314850
50.289164 0.314673
50.596443 0.314448
50.921508 0.314344
51.264022 0.314252
51.623638 0.314110
52.000000 0.313888
52.392748 0.313667
52.801515 0.313404
53.225934 0.313171
53.665631 0.312901
54.120237 0.312690
54.589376 0.312446
55.072679 0.312140
55.569776 0.311869
56.080300 0.311633
56.603887 0.311437
57.140179 0.311183
57.688820 0.310925
58.249464 0.310621
58.821765 0.310383
59.405387 0.310129
60.000000 0.309859
60.605280 0.309629
61.220911 0.309397
61.846584 0.309170
62.481997 0.308944
63.126856 0.308677
63.780875 0.308488
64.443774 0.308304
65.115282 0.308103
65.795137 0.307947
66.483081 0.307783
67.178866 0.307656
67.882251 0.307542
68.593003 0.307350
69.310894 0.307252
70.035705 0.307144
70.767224 0.307066
71.505245 0.307003
72.249567 0.306942
73.000000 0.306910
73.756356 0.306811
74.518454 0.306747
75.286121 0.306686
76.059187 0.306733
76.837491 0.306751
77.620873 0.306722
78.409183 0.306733
79.202273 0.306750
49.000000 0.315877
49.010203 0.315888
49.040799 0.315848
49.091751 0.315798
49.162994 0.315796
49.254441 0.315750
49.365980 0.315640
49.497475 0.315525
49.648766 0.315448
49.819675 0.315368
50.009999 0.315269
50.219518 0.315102
50.447993 0.314924
50.695167 0.314684
50.960769 0.314524
51.244512 0.314309
51.546096 0.314148
51.865210 0.314028
52.201533 0.313887
52.554733 0.313711
52.924474 0.313556
53.310412 0.313354
53.712196 0.313135
54.129474 0.312886
54.561891 0.312564
55.009090 0.312399
55.470713 0.312149
55.946403 0.311843
56.435804 0.311558
56.938563 0.311388
57.454330 0.311215
57.982756 0.310943
58.523500 0.310774
59.076222 0.310442
59.640590 0.310199
60.216277 0.309968
60.802960 0.309738
61.400326 0.309470
62.008064 0.309217
62.625873 0.309070
63.253458 0.308800
63.890531 0.308576
64.536811 0.308318
65.192024 0.308051
65.855903 0.307865
66.528190 0.307751
67.208630 0.307646
67.896981 0.307487
68.593003 0.307422
69.296465 0.307203
70.007142 0.307088
70.724819 0.306990
71.449283 0.306881
72.180330 0.306845
72.917762 0.306850
73.661387 0.306774
74.411021 0.306705
75.166482 0.306729
75.927597 0.306689
76.694198 0.306676
77.466122 0.306670
78.243211 0.306688
79.025312 0.306598
79.812280 0.306626
50.000000 0.315579
50.009999 0.315517
50.039984 0.315477
50.089919 0.315400
50.159745 0.315410
50.249378 0.315391
50.358713 0.315276
50.487622 0.315180
50.635956 0.315044
50.803543 0.314976
50.990195 0.314936
51.195703 0.314787
51.419841 0.314585
51.662365 0.314417
51.923020 0.314233
52.201533 0.314018
52.497619 0.313840
52.810984 0.313740
53.141321 0.313578
53.488316 0.313437
53.851648 0.313259
54.230987 0.313052
54.626001 0.312872
55.036352 0.312650
55.461698 0.312432
55.901699 0.312212
56.356011 0.311897
56.824291 0.311655
57.306195 0.311440
57.801384 0.311180
58.309519 0.310976
58.830264 0.310773
59.363288 0.310571
59.908263 0.310353
60.464866 0.310081
61.032778 0.309864
61.611687 0.309607
62.201286 0.309390
62.801274 0.309084
63.411355 0.308875
64.031242 0.308593
64.660653 0.308349
65.299311 0.308136
65.946948 0.307959
66.603303 0.307760
67.268120 0.307602
67.941151 0.307495
68.622154 0.307369
69.310894 0.307248
70.007142 0.307122
70.710678 0.306996
71.421285 0.306870
72.138755 0.306726
72.862885 0.306645
73.593478 0.306675
74.330344 0.306645
75.073298 0.306631
75.822160 0.306629
76.576759 0.306584
77.336925 0.306572
78.102497 0.306614
78.873316 0.306597
79.649231 0.306516
80.430094 0.306460
51.000000 0.315218
51.009803 0.315201
51.039201 0.315159
51.088159 0.315143
51.156622 0.315103
51.244512 0.315084
51.351728 0.314988
51.478151 0.314826
51.623638 0.314715
51.788030 0.314645
51.971146 0.314530
52.172790 0.314330
52.392748 0.314201
52.630789 0.314077
52.886671 0.313958
53.160135 0.313685
53.450912 0.313505
53.758720 0.313352
54.083269 0.313303
54.424259 0.313140
54.781384 0.312963
55.154329 0.312773
55.542776 0.312622
55.946403 0.312436
56.364883 0.312207
56.797887 0.311922
57.245087 0.311668
57.706152 0.311409
58.180753 0.311285
58.668561 0.311009
59.169249 0.310806
59.682493 0.310594
60.207973 0.310403
60.745370 0.310156
61.294372 0.309916
61.854668 0.309701
62.425956 0.309498
63.007936 0.309214
63.600314 0.308920
64.202804 0.308687
64.815122 0.308471
65.436993 0.308247
66.068147 0.308017
66.708320 0.307855
67.357256 0.307648
68.014704 0.307495
68.680419 0.307410
69.354164 0.307272
70.035705 0.307129
70.724819 0.307012
71.421285 0.306886
72.124892 0.306797
72.835431 0.306718
73.552702 0.306626
74.276510 0.306517
75.006666 0.306499
75.742986 0.306520
76.485293 0.306520
77.233412 0.306521
77.987178 0.306509
78.746428 0.306452
79.511006 0.306408
80.280757 0.306343
81.055537 0.306326
52.000000 0.314900
52.009614 0.314874
52.038447 0.314839
52.086467 0.314854
52.153619 0.314765
52.239832 0.314734
52.345009 0.314655
52.469038 0.314541
52.611786 0.314372
52.773099 0.314258
52.952809 0.314147
53.150729 0.313929
53.366656 0.313825
53.600373 0.313727
53.851648 0.313572
54.120237 0.313368
54.405882 0.313136
54.708317 0.312980
55.027266 0.312930
55.362442 0.312775
55.713553 0.312605
56.080300 0.312472
56.462377 0.312262
56.859476 0.312104
57.271284 0.311870
57.697487 0.311641
58.137767 0.311442
58.591808 0.311253
59.059292 0.311022
59.539903 0.310824
60.033324 0.310674
60.539243 0.310457
61.057350 0.310236
61.587336 0.310008
62.128898 0.309732
62.681736 0.309496
63.245553 0.309272
63.820060 0.308982
64.404969 0.308797
65.000000 0.308563
65.604878 0.308424
66.219333 0.308141
66.843100 0.307939
67.475922 0.307767
68.117545 0.307577
68.767725 0.307452
69.426220 0.307336
70.092796 0.307243
70.767224 0.307081
71.449283 0.306879
72.138755 0.306788
72.835431 0.306758
73.539105 0.306637
74.249579 0.306572
74.966659 0.306480
75.690158 0.306405
76.419893 0.306375
77.155687 0.306423
77.897368 0.306403
78.644771 0.306379
79.397733 0.306326
80.156098 0.306269
80.919713 0.306247
81.688432 0.306237
53.000000 0.314574
53.009433 0.314558
53.037722 0.314537
53.084838 0.314511
53.150729 0.314468
53.235327 0.314394
53.338541 0.314327
53.460266 0.314185
53.600373 0.314051
53.758720 0.313939
53.935146 0.313808
54.129474 0.313613
54.341513 0.313452
54.571055 0.313375
54.817880 0.313293
55.081757 0.313131
55.362442 0.312879
55.659680 0.312724
55.973208 0.312667
56.302753 0.312531
56.648036 0.312376
57.008771 0.312216
57.384667 0.311985
57.775427 0.311837
58.180753 0.311643
58.600341 0.311447
59.033889 0.311245
59.481089 0.311074
59.941638 0.310906
60.415230 0.310703
60.901560 0.310512
61.400326 0.310231
61.911227 0.309959
62.433965 0.309773
62.968246 0.309543
63.513778 0.309367
64.070274 0.309120
64.637450 0.308882
65.215029 0.308716
65.802736 0.308458
66.400301 0.308306
67.007462 0.308086
67.623960 0.307891
68.249542 0.307666
68.883960 0.307509
69.526973 0.307398
70.178344 0.307292
70.837843 0.307148
71.505245 0.306955
72.180330 0.306812
72.862885 0.306681
73.552702 0.306627
74.249579 0.306529
74.953319 0.306492
75.663730 0.306440
76.380626 0.306366
77.103826 0.306303
77.833155 0.306287
78.568442 0.306257
79.309520 0.306206
80.056230 0.306247
80.808415 0.306224
81.565924 0.306164
82.328610 0.306128
54.000000 0.314261
54.009258 0.314248
54.037024 0.314249
54.083269 0.314173
54.147945 0.314148
54.230987 0.314041
54.332311 0.313950
54.451814 0.313807
54.589376 0.313720
54.744863 0.313634
54.918121 0.313532
55.108983 0.313323
55.317267 0.313188
55.542776 0.313164
55.785303 0.313056
56.044625 0.312884
56.320511 0.312672
56.612719 0.312532
56.920998 0.312394
57.245087 0.312274
57.584720 0.312113
57.939624 0.311919
58.309519 0.311727
58.694122 0.311548
59.093147 0.311394
59.506302 0.311221
59.933296 0.310986
60.373835 0.310825
60.827625 0.310707
61.294372 0.310566
61.773781 0.310351
62.265560 0.310065
62.769419 0.309813
63.285069 0.309593
63.812225 0.309362
64.350602 0.309232
64.899923 0.309028
65.459911 0.308786
66.030296 0.308586
66.610810 0.308381
67.201190 0.308221
67.801180 0.308018
68.410526 0.307796
69.028979 0.307633
69.656299 0.307412
70.292247 0.307248
70.936591 0.307126
71.589105 0.306941
72.249567 0.306822
72.917762 0.306743
73.593478 0.306667
74.276510 0.306582
74.966659 0.306462
75.663730 0.306391
76.367532 0.306356
77.077883 0.306358
77.794601 0.306282
78.517514 0.306239
79.246451 0.306231
79.981248 0.306159
80.721744 0.306182
81.467785 0.306133
82.219219 0.306114
82.975900 0.306061
55.000000 0.313955
55.009090 0.313939
55.036352 0.313960
55.081757 0.313953
55.145263 0.313898
55.226805 0.313754
55.326305 0.313625
55.443665 0.313533
55.578773 0.313459
55.731499 0.313427
55.901699 0.313339
56.089215 0.313139
56.293872 0.313005
56.515485 0.312893
56.753854 0.312765
57.008771 0.312630
57.280014 0.312478
57.567352 0.312347
57.870545 0.312125
58.189346 0.312026
58.523500 0.311895
58.872744 0.311698
59.236813 0.311496
59.615434 0.311285
60.008333 0.311111
60.415230 0.310982
60.835845 0.310796
61.269895 0.310645
61.717096 0.310530
62.177166 0.310373
62.649820 0.310147
63.134776 0.309882
63.631753 0.309705
64.140471 0.309471
64.660653 0.309239
65.192024 0.309057
65.734314 0.308907
66.287254 0.308700
66.850580 0.308554
67.424031 0.308265
68.007353 0.308116
68.600292 0.307848
69.202601 0.307637
69.814039 0.307532
70.434367 0.307426
71.063352 0.307226
71.700767 0.307043
72.346389 0.306819
73.000000 0.306743
73.661387 0.306717
74.330344 0.306612
75.006666 0.306510
75.690158 0.306434
76.380626 0.306326
77.077883 0.306315
77.781746 0.306251
78.492038 0.306229
79.208585 0.306217
79.931220 0.306143
80.659779 0.306085
81.394103 0.306092
82.134037 0.306108
82.879430 0.306069
83.630138 0.306070
56.000000 0.313724
56.008928 0.313666
56.035703 0.313694
56.080300 0.313638
56.142675 0.313651
56.222771 0.313527
56.320511 0.313424
56.435804 0.313314
56.568542 0.313258
56.718604 0.313227
56.885851 0.313155
57.070132 0.313036
57.271284 0.312904
57.489129 0.312757
57.723479 0.312610
57.974132 0.312499
58.240879 0.312369
58.523500 0.312196
58.821765 0.312011
59.135438 0.311839
59.464275 0.311723
59.808026 0.311528
60.166436 0.311368
60.539243 0.311190
60.926185 0.311005
61.326992 0.310849
61.741396 0.310649
62.169124 0.310551
62.609903 0.310365
63.063460 0.310157
63.529521 0.309932
64.007812 0.309709
64.498062 0.309555
65.000000 0.309387
65.513357 0.309131
66.037868 0.308982
66.573268 0.308821
67.119297 0.308603
67.675697 0.308488
68.242216 0.308241
68.818602 0.308035
69.404611 0.307796
70.000000 0.307657
70.604532 0.307511
71.217975 0.307381
71.840100 0.307189
72.470684 0.307006
73.109507 0.306875
73.756356 0.306704
74.411021 0.306591
75.073298 0.306504
75.742986 0.306443
76.419893 0.306333
77.103826 0.306255
77.794601 0.306202
78.492038 0.306196
79.195959 0.306188
79.906195 0.306159
80.622577 0.306116
81.344945 0.306074
82.073138 0.306072
82.807005 0.306154
83.546394 0.306136
84.291162 0.306095
57.000000 0.313547
57.008771 0.313461
57.035077 0.313455
57.078893 0.313462
57.140179 0.313446
57.218878 0.313383
57.314920 0.313266
57.428216 0.313121
57.558666 0.313033
57.706152 0.312999
57.870545 0.312913
58.051701 0.312820
58.249464 0.312714
58.463664 0.312646
58.694122 0.312512
58.940648 0.312417
59.203040 0.312253
59.481089 0.312147
59.774577 0.311978
60.083276 0.311801
60.406953 0.311629
60.745370 0.311441
61.098281 0.311249
61.465437 0.311162
61.846584 0.310926
62.241465 0.310741
62.649820 0.310574
63.071388 0.310379
63.505905 0.310230
63.953108 0.309972
64.412732 0.309761
64.884513 0.309548
65.368188 0.309414
65.863495 0.309245
66.370174 0.309076
66.887966 0.308890
67.416615 0.308704
67.955868 0.308514
68.505474 0.308380
69.065187 0.308191
69.634761 0.307942
70.213959 0.307733
70.802542 0.307561
71.400280 0.307499
72.006944 0.307317
72.622311 0.307149
73.246160 0.306982
73.878278 0.306829
74.518454 0.306641
75.166482 0.306545
75.822160 0.306358
76.485293 0.306267
77.155687 0.306206
77.833155 0.306174
78.517514 0.306181
79.208585 0.306174
79.906195 0.306186
80.610173 0.306153
81.320354 0.306080
82.036577 0.306087
82.758685 0.306058
83.486526 0.306106
84.219950 0.306118
84.958814 0.306078
58.000000 0.313371
58.008620 0.313317
58.034473 0.313220
58.077534 0.313214
58.137767 0.313219
58.215118 0.313151
58.309519 0.313043
58.420887 0.312942
58.549125 0.312850
58.694122 0.312826
58.855756 0.312759
59.033889 0.312693
59.228372 0.312642
59.439044 0.312522
59.665736 0.312390
59.908263 0.312320
60.166436 0.312124
60.440053 0.312005
60.728906 0.311852
61.032778 0.311685
61.351447 0.311537
61.684682 0.311303
62.032250 0.311193
62.393910 0.311041
62.769419 0.310867
63.158531 0.310684
63.560994 0.310477
63.976558 0.310229
64.404969 0.310079
64.845971 0.309879
65.299311 0.309640
65.764732 0.309467
66.241981 0.309333
66.730802 0.309102
67.230945 0.308966
67.742158 0.308712
68.264193 0.308509
68.796802 0.308400
69.339743 0.308262
69.892775 0.308040
70.455660 0.307840
71.028163 0.307643
71.610055 0.307474
72.201108 0.307332
72.801099 0.307264
73.409809 0.307106
74.027022 0.306931
74.652528 0.306854
75.286121 0.306715
75.927597 0.306593
76.576759 0.306382
77.233412 0.306288
77.897368 0.306163
78.568442 0.306149
79.246451 0.306128
79.931220 0.306204
80.622577 0.306207
81.320354 0.306206
82.024387 0.306143
82.734515 0.306165
83.450584 0.306094
84.172442 0.306112
84.899941 0.306100
85.632938 0.306112
59.000000 0.313214
59.008474 0.313115
59.033889 0.313111
59.076222 0.313052
59.135438 0.313064
59.211485 0.312968
59.304300 0.312879
59.413803 0.312751
59.539903 0.312669
59.682493 0.312669
59.841457 0.312596
60.016664 0.312568
60.207973 0.312532
60.415230 0.312435
60.638272 0.312259
60.876925 0.312148
61.131007 0.311989
61.400326 0.311957
61.684682 0.311824
61.983869 0.311683
62.297673 0.311519
62.625873 0.311263
62.968246 0.311077
63.324561 0.310981
63.694584 0.310888
64.078077 0.310666
64.474801 0.310392
64.884513 0.310128
65.306967 0.309957
65.741920 0.309806
66.189123 0.309616
66.648331 0.309423
67.119297 0.309255
67.601775 0.309028
68.095521 0.308840
68.600292 0.308622
69.115845 0.308405
69.641941 0.308263
70.178344 0.308190
70.724819 0.307929
71.281134 0.307704
71.847060 0.307562
72.422372 0.307365
73.006849 0.307294
73.600272 0.307226
74.202426 0.307029
74.813100 0.306939
75.432089 0.306816
76.059187 0.306616
76.694198 0.306569
77.336925 0.306376
77.987178 0.306328
78.644771 0.306266
79.309520 0.306215
79.981248 0.306131
80.659779 0.306176
81.344945 0.306246
82.036577 0.306220
82.734515 0.306197
83.438600 0.306111
84.148678 0.306120
84.864598 0.306085
85.586214 0.306084
86.313383 0.306131
60.000000 0.312985
60.008333 0.312966
60.033324 0.312977
60.074953 0.312926
60.133186 0.312873
60.207973 0.312834
60.299254 0.312699
60.406953 0.312585
60.530984 0.312561
60.671245 0.312540
60.827625 0.312520
61.000000 0.312446
61.188234 0.312423
61.392182 0.312315
61.611687 0.312153
61.846584 0.312051
62.096699 0.311902
62.361847 0.311848
62.641839 0.311771
62.936476 0.311646
63.245553 0.311481
63.568860 0.311294
63.906181 0.311136
64.257295 0.310941
64.621978 0.310788
65.000000 0.310602
65.391131 0.310285
65.795137 0.310027
66.211781 0.309894
66.640828 0.309682
67.082039 0.309511
67.535176 0.309357
68.000000 0.309149
68.476273 0.308926
68.963759 0.308702
69.462220 0.308565
69.971423 0.308385
70.491134 0.308235
71.021124 0.308126
71.561163 0.307878
72.111026 0.307660
72.670489 0.307478
73.239334 0.307322
73.817342 0.307255
74.404301 0.307132
75.000000 0.307018
75.604233 0.306895
76.216796 0.306751
76.837491 0.306634
77.466122 0.306562
78.102497 0.306401
78.746428 0.306384
79.397733 0.306320
80.056230 0.306219
80.721744 0.306202
81.394103 0.306216
82.073138 0.306264
82.758685 0.306279
83.450584 0.306148
84.148678 0.306096
84.852814 0.306125
85.562842 0.306097
86.278618 0.306044
87.000000 0.306071
61.000000 0.312887
61.008196 0.312884
61.032778 0.312848
61.073726 0.312778
61.131007 0.312738
61.204575 0.312686
61.294372 0.312571
61.400326 0.312520
61.522354 0.312445
61.660360 0.312428
61.814238 0.312449
61.983869 0.312341
62.169124 0.312301
62.369865 0.312216
62.585941 0.312131
62.817195 0.311990
63.063460 0.311891
63.324561 0.311767
63.600314 0.311718
63.890531 0.311551
64.195015 0.311442
64.513564 0.311291
64.845971 0.311062
65.192024 0.310928
65.551506 0.310753
65.924199 0.310503
66.309879 0.310236
66.708320 0.310045
67.119297 0.309834
67.542579 0.309574
67.977938 0.309406
68.425142 0.309256
68.883960 0.309072
69.354164 0.308894
69.835521 0.308637
70.327804 0.308485
70.830784 0.308307
71.344236 0.308175
71.867934 0.308056
72.401657 0.307799
72.945185 0.307629
73.498299 0.307468
74.060786 0.307246
74.632433 0.307183
75.213031 0.307068
75.802375 0.306990
76.400262 0.306893
77.006493 0.306768
77.620873 0.306655
78.243211 0.306568
78.873316 0.306441
79.511006 0.306408
80.156098 0.306344
80.808415 0.306253
81.467785 0.306158
82.134037 0.306178
82.807005 0.306214
83.486526 0.306194
84.172442 0.306125
84.864598 0.306052
85.562842 0.306043
86.267027 0.306029
86.977008 0.305961
87.692645 0.306032
62.000000 0.312872
62.008064 0.312872
62.032250 0.312757
62.072538 0.312745
62.128898 0.312691
62.201286 0.312616
62.289646 0.312621
62.393910 0.312539
62.513998 0.312464
62.649820 0.312435
62.801274 0.312391
62.968246 0.312286
63.150614 0.312221
63.348244 0.312083
63.560994 0.311994
63.788714 0.311912
64.031242 0.311737
64.288413 0.311672
64.560050 0.311634
64.845971 0.311576
65.145990 0.311424
65.459911 0.311325
65.787537 0.311048
66.128662 0.310906
66.483081 0.310683
66.850580 0.310386
67.230945 0.310206
67.623960 0.310043
68.029405 0.309765
68.447060 0.309592
68.876701 0.309390
69.318107 0.309169
69.771054 0.308957
70.235319 0.308821
70.710678 0.308618
71.196910 0.308481
71.693793 0.308300
72.201108 0.308135
72.718636 0.308037
73.246160 0.307841
73.783467 0.307657
74.330344 0.307422
74.886581 0.307254
75.451971 0.307199
76.026311 0.307054
76.609399 0.306994
77.201036 0.306877
77.801028 0.306781
78.409183 0.306709
79.025312 0.306510
79.649231 0.306442
80.280757 0.306462
80.919713 0.306407
81.565924 0.306306
82.219219 0.306184
82.879430 0.306172
83.546394 0.306246
84.219950 0.306211
84.899941 0.306078
85.586214 0.306038
86.278618 0.306006
86.977008 0.305990
87.681241 0.305978
88.391176 0.305964
63.000000 0.312783
63.007936 0.312758
63.031738 0.312634
63.071388 0.312661
63.126856 0.312645
63.198101 0.312594
63.285069 0.312586
63.387696 0.312575
63.505905 0.312457
63.639610 0.312435
63.788714 0.312357
63.953108 0.312244
64.132675 0.312125
64.327288 0.312061
64.536811 0.311990
64.761099 0.311927
65.000000 0.311810
65.253352 0.311682
65.520989 0.311617
65.802736 0.311524
66.098411 0.311382
66.407831 0.311217
66.730802 0.311039
67.067131 0.310852
67.416615 0.310633
67.779053 0.310381
68.154237 0.310180
68.541958 0.309980
68.942005 0.309839
69.354164 0.309629
69.778220 0.309369
70.213959 0.309151
70.661163 0.308938
71.119618 0.308763
71.589105 0.308517
72.069411 0.308414
72.560320 0.308269
73.061618 0.308102
73.573093 0.307958
74.094534 0.307831
74.625733 0.307666
75.166482 0.307427
75.716577 0.307278
76.275815 0.307165
76.843998 0.307069
77.420927 0.307033
78.006410 0.306936
78.600254 0.306828
79.202273 0.306698
79.812280 0.306620
80.430094 0.306518
81.055537 0.306479
81.688432 0.306420
82.328610 0.306349
82.975900 0.306236
83.630138 0.306224
84.291162 0.306183
84.958814 0.306146
85.632938 0.306106
86.313383 0.306016
87.000000 0.306007
87.692645 0.305974
88.391176 0.305940
89.095454 0.305928
